#energy[keV]  rel.intensity
0.050000    0.000000E+00
0.150000    0.000000E+00
0.250000    0.000000E+00
0.350000    0.000000E+00
0.450000    0.000000E+00
0.550000    0.000000E+00
0.650000    0.000000E+00
0.750000    0.000000E+00
0.850000    0.000000E+00
0.950000    0.000000E+00
1.050000    0.000000E+00
1.150000    0.000000E+00
1.250000    0.000000E+00
1.350000    0.000000E+00
1.450000    0.000000E+00
1.550000    0.000000E+00
1.650000    0.000000E+00
1.750000    0.000000E+00
1.850000    0.000000E+00
1.950000    0.000000E+00
2.050000    0.000000E+00
2.150000    0.000000E+00
2.250000    0.000000E+00
2.350000    0.000000E+00
2.450000    0.000000E+00
2.550000    0.000000E+00
2.650000    0.000000E+00
2.750000    0.000000E+00
2.850000    0.000000E+00
2.950000    0.000000E+00
3.050000    0.000000E+00
3.150000    0.000000E+00
3.250000    0.000000E+00
3.350000    0.000000E+00
3.450000    0.000000E+00
3.550000    0.000000E+00
3.650000    0.000000E+00
3.750000    0.000000E+00
3.850000    0.000000E+00
3.950000    0.000000E+00
4.050000    0.000000E+00
4.150000    0.000000E+00
4.250000    0.000000E+00
4.350000    0.000000E+00
4.450000    0.000000E+00
4.550000    0.000000E+00
4.650000    0.000000E+00
4.750000    0.000000E+00
4.850000    0.000000E+00
4.950000    0.000000E+00
5.050000    0.000000E+00
5.150000    0.000000E+00
5.250000    0.000000E+00
5.350000    0.000000E+00
5.450000    0.000000E+00
5.550000    0.000000E+00
5.650000    0.000000E+00
5.750000    0.000000E+00
5.850000    0.000000E+00
5.950000    0.000000E+00
6.050000    0.000000E+00
6.150000    0.000000E+00
6.250000    0.000000E+00
6.350000    0.000000E+00
6.450000    0.000000E+00
6.550000    0.000000E+00
6.650000    0.000000E+00
6.750000    0.000000E+00
6.850000    0.000000E+00
6.950000    0.000000E+00
7.050000    0.000000E+00
7.150000    0.000000E+00
7.250000    0.000000E+00
7.350000    0.000000E+00
7.450000    0.000000E+00
7.550000    0.000000E+00
7.650000    0.000000E+00
7.750000    0.000000E+00
7.850000    0.000000E+00
7.950000    0.000000E+00
8.050000    0.000000E+00
8.150001    0.000000E+00
8.250000    0.000000E+00
8.350000    0.000000E+00
8.450000    0.000000E+00
8.550000    0.000000E+00
8.650001    0.000000E+00
8.750000    0.000000E+00
8.850000    0.000000E+00
8.950000    0.000000E+00
9.050000    0.000000E+00
9.150001    0.000000E+00
9.250000    0.000000E+00
9.350000    0.000000E+00
9.450000    0.000000E+00
9.550000    0.000000E+00
9.650001    0.000000E+00
9.750000    0.000000E+00
9.850000    0.000000E+00
9.950000    0.000000E+00
10.050000    0.000000E+00
10.150001    0.000000E+00
10.250000    0.000000E+00
10.350000    0.000000E+00
10.450000    0.000000E+00
10.550000    0.000000E+00
10.650001    0.000000E+00
10.750000    0.000000E+00
10.850000    0.000000E+00
10.950000    0.000000E+00
11.050000    0.000000E+00
11.150001    0.000000E+00
11.250000    0.000000E+00
11.350000    0.000000E+00
11.450000    0.000000E+00
11.550000    0.000000E+00
11.650001    0.000000E+00
11.750000    0.000000E+00
11.850000    0.000000E+00
11.950000    0.000000E+00
12.050000    0.000000E+00
12.150001    0.000000E+00
12.250000    0.000000E+00
12.350000    0.000000E+00
12.450000    0.000000E+00
12.550000    0.000000E+00
12.650001    0.000000E+00
12.750000    0.000000E+00
12.850000    0.000000E+00
12.950000    0.000000E+00
13.050000    0.000000E+00
13.150001    0.000000E+00
13.250000    0.000000E+00
13.350000    0.000000E+00
13.450000    0.000000E+00
13.550000    0.000000E+00
13.650001    0.000000E+00
13.750000    0.000000E+00
13.850000    0.000000E+00
13.950000    0.000000E+00
14.050000    0.000000E+00
14.150001    0.000000E+00
14.250000    0.000000E+00
14.350000    0.000000E+00
14.450000    0.000000E+00
14.550000    0.000000E+00
14.650001    0.000000E+00
14.750000    0.000000E+00
14.850000    0.000000E+00
14.950000    0.000000E+00
15.050000    0.000000E+00
15.150001    0.000000E+00
15.250000    0.000000E+00
15.350000    0.000000E+00
15.450000    0.000000E+00
15.550000    0.000000E+00
15.650001    0.000000E+00
15.750000    0.000000E+00
15.850000    0.000000E+00
15.950000    0.000000E+00
16.050001    0.000000E+00
16.150000    0.000000E+00
16.250000    0.000000E+00
16.350000    0.000000E+00
16.450001    0.000000E+00
16.550001    0.000000E+00
16.650000    0.000000E+00
16.750000    0.000000E+00
16.850000    0.000000E+00
16.950001    0.000000E+00
17.050001    0.000000E+00
17.150000    0.000000E+00
17.250000    0.000000E+00
17.350000    0.000000E+00
17.450001    0.000000E+00
17.550001    0.000000E+00
17.650000    0.000000E+00
17.750000    0.000000E+00
17.850000    0.000000E+00
17.950001    0.000000E+00
18.050001    0.000000E+00
18.150000    0.000000E+00
18.250000    0.000000E+00
18.350000    0.000000E+00
18.450001    0.000000E+00
18.550001    0.000000E+00
18.650000    0.000000E+00
18.750000    0.000000E+00
18.850000    0.000000E+00
18.950001    0.000000E+00
19.050001    0.000000E+00
19.150000    0.000000E+00
19.250000    0.000000E+00
19.350000    0.000000E+00
19.450001    0.000000E+00
19.550001    0.000000E+00
19.650000    0.000000E+00
19.750000    0.000000E+00
19.850000    0.000000E+00
19.950001    0.000000E+00
20.050001    0.000000E+00
20.150000    0.000000E+00
20.250000    0.000000E+00
20.350000    0.000000E+00
20.450001    0.000000E+00
20.550001    0.000000E+00
20.650000    0.000000E+00
20.750000    0.000000E+00
20.850000    0.000000E+00
20.950001    0.000000E+00
21.050001    0.000000E+00
21.150000    0.000000E+00
21.250000    0.000000E+00
21.350000    0.000000E+00
21.450001    0.000000E+00
21.550001    0.000000E+00
21.650000    0.000000E+00
21.750000    0.000000E+00
21.850000    0.000000E+00
21.950001    0.000000E+00
22.050001    0.000000E+00
22.150000    0.000000E+00
22.250000    0.000000E+00
22.350000    0.000000E+00
22.450001    0.000000E+00
22.550001    0.000000E+00
22.650000    0.000000E+00
22.750000    0.000000E+00
22.850000    0.000000E+00
22.950001    0.000000E+00
23.050001    0.000000E+00
23.150000    0.000000E+00
23.250000    0.000000E+00
23.350000    0.000000E+00
23.450001    0.000000E+00
23.550001    0.000000E+00
23.650000    0.000000E+00
23.750000    0.000000E+00
23.850000    0.000000E+00
23.950001    0.000000E+00
24.050001    0.000000E+00
24.150000    0.000000E+00
24.250000    0.000000E+00
24.350000    0.000000E+00
24.450001    0.000000E+00
24.550001    0.000000E+00
24.650000    0.000000E+00
24.750000    0.000000E+00
24.850000    0.000000E+00
24.950001    0.000000E+00
25.050001    0.000000E+00
25.150000    0.000000E+00
25.250000    0.000000E+00
25.350000    0.000000E+00
25.450001    0.000000E+00
25.550001    0.000000E+00
25.650000    0.000000E+00
25.750000    0.000000E+00
25.850000    0.000000E+00
25.950001    0.000000E+00
26.050001    0.000000E+00
26.150000    0.000000E+00
26.250000    0.000000E+00
26.350000    0.000000E+00
26.450001    0.000000E+00
26.550001    0.000000E+00
26.650000    0.000000E+00
26.750000    0.000000E+00
26.850000    0.000000E+00
26.950001    0.000000E+00
27.050001    0.000000E+00
27.150000    0.000000E+00
27.250000    0.000000E+00
27.350000    0.000000E+00
27.450001    0.000000E+00
27.550001    0.000000E+00
27.650000    0.000000E+00
27.750000    0.000000E+00
27.850000    0.000000E+00
27.950001    0.000000E+00
28.050001    0.000000E+00
28.150000    0.000000E+00
28.250000    0.000000E+00
28.350000    0.000000E+00
28.450001    0.000000E+00
28.550001    0.000000E+00
28.650000    0.000000E+00
28.750000    0.000000E+00
28.850000    0.000000E+00
28.950001    0.000000E+00
29.050001    0.000000E+00
29.150000    0.000000E+00
29.250000    0.000000E+00
29.350000    0.000000E+00
29.450001    0.000000E+00
29.550001    0.000000E+00
29.650000    0.000000E+00
29.750000    0.000000E+00
29.850000    0.000000E+00
29.950001    0.000000E+00
30.050001    0.000000E+00
30.150000    0.000000E+00
30.250000    0.000000E+00
30.350000    0.000000E+00
30.450001    0.000000E+00
30.550001    0.000000E+00
30.650000    0.000000E+00
30.750000    0.000000E+00
30.850000    0.000000E+00
30.950001    0.000000E+00
31.050001    0.000000E+00
31.150000    0.000000E+00
31.250000    0.000000E+00
31.350000    0.000000E+00
31.450001    0.000000E+00
31.550001    0.000000E+00
31.650000    0.000000E+00
31.750000    0.000000E+00
31.850000    0.000000E+00
31.950001    0.000000E+00
32.049999    0.000000E+00
32.150002    0.000000E+00
32.250000    0.000000E+00
32.350002    0.000000E+00
32.450001    0.000000E+00
32.549999    0.000000E+00
32.650002    0.000000E+00
32.750000    0.000000E+00
32.850002    0.000000E+00
32.950001    0.000000E+00
33.049999    0.000000E+00
33.150002    0.000000E+00
33.250000    0.000000E+00
33.350002    0.000000E+00
33.450001    0.000000E+00
33.549999    0.000000E+00
33.650002    0.000000E+00
33.750000    0.000000E+00
33.850002    0.000000E+00
33.950001    0.000000E+00
34.049999    0.000000E+00
34.150002    0.000000E+00
34.250000    0.000000E+00
34.350002    0.000000E+00
34.450001    0.000000E+00
34.549999    0.000000E+00
34.650002    0.000000E+00
34.750000    0.000000E+00
34.850002    0.000000E+00
34.950001    0.000000E+00
35.049999    0.000000E+00
35.150002    0.000000E+00
35.250000    0.000000E+00
35.350002    0.000000E+00
35.450001    0.000000E+00
35.549999    0.000000E+00
35.650002    0.000000E+00
35.750000    0.000000E+00
35.850002    0.000000E+00
35.950001    0.000000E+00
36.049999    0.000000E+00
36.150002    0.000000E+00
36.250000    0.000000E+00
36.350002    0.000000E+00
36.450001    0.000000E+00
36.549999    0.000000E+00
36.650002    0.000000E+00
36.750000    0.000000E+00
36.850002    0.000000E+00
36.950001    0.000000E+00
37.049999    0.000000E+00
37.150002    0.000000E+00
37.250000    0.000000E+00
37.350002    0.000000E+00
37.450001    0.000000E+00
37.549999    0.000000E+00
37.650002    0.000000E+00
37.750000    0.000000E+00
37.850002    0.000000E+00
37.950001    0.000000E+00
38.049999    0.000000E+00
38.150002    0.000000E+00
38.250000    0.000000E+00
38.350002    0.000000E+00
38.450001    0.000000E+00
38.549999    0.000000E+00
38.650002    0.000000E+00
38.750000    0.000000E+00
38.850002    0.000000E+00
38.950001    0.000000E+00
39.049999    0.000000E+00
39.150002    0.000000E+00
39.250000    0.000000E+00
39.350002    0.000000E+00
39.450001    0.000000E+00
39.549999    0.000000E+00
39.650002    0.000000E+00
39.750000    0.000000E+00
39.850002    0.000000E+00
39.950001    0.000000E+00
40.049999    0.000000E+00
40.150002    0.000000E+00
40.250000    0.000000E+00
40.350002    0.000000E+00
40.450001    0.000000E+00
40.549999    0.000000E+00
40.650002    0.000000E+00
40.750000    0.000000E+00
40.850002    0.000000E+00
40.950001    0.000000E+00
41.049999    0.000000E+00
41.150002    0.000000E+00
41.250000    0.000000E+00
41.350002    0.000000E+00
41.450001    0.000000E+00
41.549999    0.000000E+00
41.650002    0.000000E+00
41.750000    0.000000E+00
41.850002    0.000000E+00
41.950001    0.000000E+00
42.049999    0.000000E+00
42.150002    0.000000E+00
42.250000    0.000000E+00
42.350002    0.000000E+00
42.450001    0.000000E+00
42.549999    0.000000E+00
42.650002    0.000000E+00
42.750000    0.000000E+00
42.850002    0.000000E+00
42.950001    0.000000E+00
43.049999    0.000000E+00
43.150002    0.000000E+00
43.250000    0.000000E+00
43.350002    0.000000E+00
43.450001    0.000000E+00
43.549999    0.000000E+00
43.650002    0.000000E+00
43.750000    0.000000E+00
43.850002    0.000000E+00
43.950001    0.000000E+00
44.049999    0.000000E+00
44.150002    0.000000E+00
44.250000    0.000000E+00
44.350002    0.000000E+00
44.450001    0.000000E+00
44.549999    0.000000E+00
44.650002    0.000000E+00
44.750000    0.000000E+00
44.850002    0.000000E+00
44.950001    0.000000E+00
45.049999    0.000000E+00
45.150002    0.000000E+00
45.250000    0.000000E+00
45.350002    0.000000E+00
45.450001    0.000000E+00
45.549999    0.000000E+00
45.650002    0.000000E+00
45.750000    0.000000E+00
45.850002    0.000000E+00
45.950001    0.000000E+00
46.049999    0.000000E+00
46.150002    0.000000E+00
46.250000    0.000000E+00
46.350002    0.000000E+00
46.450001    0.000000E+00
46.549999    0.000000E+00
46.650002    0.000000E+00
46.750000    0.000000E+00
46.850002    0.000000E+00
46.950001    0.000000E+00
47.049999    0.000000E+00
47.150002    0.000000E+00
47.250000    0.000000E+00
47.350002    0.000000E+00
47.450001    0.000000E+00
47.549999    0.000000E+00
47.650002    0.000000E+00
47.750000    0.000000E+00
47.850002    0.000000E+00
47.950001    0.000000E+00
48.049999    0.000000E+00
48.150002    0.000000E+00
48.250000    0.000000E+00
48.350002    0.000000E+00
48.450001    0.000000E+00
48.549999    0.000000E+00
48.650002    0.000000E+00
48.750000    0.000000E+00
48.850002    0.000000E+00
48.950001    0.000000E+00
49.049999    0.000000E+00
49.150002    0.000000E+00
49.250000    0.000000E+00
49.350002    0.000000E+00
49.450001    0.000000E+00
49.549999    0.000000E+00
49.650002    0.000000E+00
49.750000    0.000000E+00
49.850002    0.000000E+00
49.950001    0.000000E+00
50.049999    0.000000E+00
50.150002    0.000000E+00
50.250000    0.000000E+00
50.350002    0.000000E+00
50.450001    0.000000E+00
50.549999    0.000000E+00
50.650002    0.000000E+00
50.750000    0.000000E+00
50.850002    0.000000E+00
50.950001    0.000000E+00
51.049999    0.000000E+00
51.150002    0.000000E+00
51.250000    0.000000E+00
51.350002    0.000000E+00
51.450001    0.000000E+00
51.549999    0.000000E+00
51.650002    0.000000E+00
51.750000    0.000000E+00
51.850002    0.000000E+00
51.950001    0.000000E+00
52.049999    0.000000E+00
52.150002    0.000000E+00
52.250000    0.000000E+00
52.350002    0.000000E+00
52.450001    0.000000E+00
52.549999    0.000000E+00
52.650002    0.000000E+00
52.750000    0.000000E+00
52.850002    0.000000E+00
52.950001    0.000000E+00
53.049999    0.000000E+00
53.150002    0.000000E+00
53.250000    0.000000E+00
53.350002    0.000000E+00
53.450001    0.000000E+00
53.549999    0.000000E+00
53.650002    0.000000E+00
53.750000    0.000000E+00
53.850002    0.000000E+00
53.950001    0.000000E+00
54.049999    0.000000E+00
54.150002    0.000000E+00
54.250000    0.000000E+00
54.350002    0.000000E+00
54.450001    0.000000E+00
54.549999    0.000000E+00
54.650002    0.000000E+00
54.750000    0.000000E+00
54.850002    0.000000E+00
54.950001    0.000000E+00
55.049999    0.000000E+00
55.150002    0.000000E+00
55.250000    0.000000E+00
55.350002    0.000000E+00
55.450001    0.000000E+00
55.549999    0.000000E+00
55.650002    0.000000E+00
55.750000    0.000000E+00
55.850002    0.000000E+00
55.950001    0.000000E+00
56.049999    0.000000E+00
56.150002    0.000000E+00
56.250000    0.000000E+00
56.350002    0.000000E+00
56.450001    0.000000E+00
56.549999    0.000000E+00
56.650002    0.000000E+00
56.750000    0.000000E+00
56.850002    0.000000E+00
56.950001    0.000000E+00
57.049999    0.000000E+00
57.150002    0.000000E+00
57.250000    0.000000E+00
57.350002    0.000000E+00
57.450001    0.000000E+00
57.549999    0.000000E+00
57.650002    0.000000E+00
57.750000    0.000000E+00
57.850002    0.000000E+00
57.950001    0.000000E+00
58.049999    0.000000E+00
58.150002    0.000000E+00
58.250000    0.000000E+00
58.350002    0.000000E+00
58.450001    0.000000E+00
58.549999    0.000000E+00
58.650002    0.000000E+00
58.750000    0.000000E+00
58.850002    0.000000E+00
58.950001    0.000000E+00
59.049999    0.000000E+00
59.150002    0.000000E+00
59.250000    0.000000E+00
59.350002    0.000000E+00
59.450001    0.000000E+00
59.549999    0.000000E+00
59.650002    0.000000E+00
59.750000    0.000000E+00
59.850002    0.000000E+00
59.950001    0.000000E+00
60.049999    0.000000E+00
60.150002    0.000000E+00
60.250000    0.000000E+00
60.350002    0.000000E+00
60.450001    0.000000E+00
60.549999    0.000000E+00
60.650002    0.000000E+00
60.750000    0.000000E+00
60.850002    0.000000E+00
60.950001    0.000000E+00
61.049999    0.000000E+00
61.150002    0.000000E+00
61.250000    0.000000E+00
61.350002    0.000000E+00
61.450001    0.000000E+00
61.549999    0.000000E+00
61.650002    0.000000E+00
61.750000    0.000000E+00
61.850002    0.000000E+00
61.950001    0.000000E+00
62.049999    0.000000E+00
62.150002    0.000000E+00
62.250000    0.000000E+00
62.350002    0.000000E+00
62.450001    0.000000E+00
62.549999    0.000000E+00
62.650002    0.000000E+00
62.750000    0.000000E+00
62.850002    0.000000E+00
62.950001    0.000000E+00
63.049999    0.000000E+00
63.150002    0.000000E+00
63.250000    0.000000E+00
63.350002    0.000000E+00
63.450001    0.000000E+00
63.549999    0.000000E+00
63.650002    0.000000E+00
63.750000    0.000000E+00
63.850002    0.000000E+00
63.950001    0.000000E+00
64.050003    0.000000E+00
64.150002    0.000000E+00
64.250000    0.000000E+00
64.349998    0.000000E+00
64.450005    0.000000E+00
64.550003    0.000000E+00
64.650002    0.000000E+00
64.750000    0.000000E+00
64.849998    0.000000E+00
64.950005    0.000000E+00
65.050003    0.000000E+00
65.150002    0.000000E+00
65.250000    0.000000E+00
65.349998    0.000000E+00
65.450005    0.000000E+00
65.550003    0.000000E+00
65.650002    0.000000E+00
65.750000    0.000000E+00
65.849998    0.000000E+00
65.950005    0.000000E+00
66.050003    0.000000E+00
66.150002    0.000000E+00
66.250000    0.000000E+00
66.349998    0.000000E+00
66.450005    0.000000E+00
66.550003    0.000000E+00
66.650002    0.000000E+00
66.750000    0.000000E+00
66.849998    0.000000E+00
66.950005    0.000000E+00
67.050003    0.000000E+00
67.150002    0.000000E+00
67.250000    0.000000E+00
67.349998    0.000000E+00
67.450005    0.000000E+00
67.550003    0.000000E+00
67.650002    0.000000E+00
67.750000    0.000000E+00
67.849998    0.000000E+00
67.950005    0.000000E+00
68.050003    0.000000E+00
68.150002    0.000000E+00
68.250000    0.000000E+00
68.349998    0.000000E+00
68.450005    0.000000E+00
68.550003    0.000000E+00
68.650002    0.000000E+00
68.750000    0.000000E+00
68.849998    0.000000E+00
68.950005    0.000000E+00
69.050003    0.000000E+00
69.150002    0.000000E+00
69.250000    0.000000E+00
69.349998    0.000000E+00
69.450005    0.000000E+00
69.550003    0.000000E+00
69.650002    0.000000E+00
69.750000    0.000000E+00
69.849998    0.000000E+00
69.950005    0.000000E+00
70.050003    0.000000E+00
70.150002    0.000000E+00
70.250000    0.000000E+00
70.349998    0.000000E+00
70.450005    0.000000E+00
70.550003    0.000000E+00
70.650002    0.000000E+00
70.750000    0.000000E+00
70.849998    0.000000E+00
70.950005    0.000000E+00
71.050003    0.000000E+00
71.150002    0.000000E+00
71.250000    0.000000E+00
71.349998    0.000000E+00
71.450005    0.000000E+00
71.550003    0.000000E+00
71.650002    0.000000E+00
71.750000    0.000000E+00
71.849998    0.000000E+00
71.950005    0.000000E+00
72.050003    0.000000E+00
72.150002    0.000000E+00
72.250000    0.000000E+00
72.349998    0.000000E+00
72.450005    0.000000E+00
72.550003    0.000000E+00
72.650002    0.000000E+00
72.750000    0.000000E+00
72.849998    0.000000E+00
72.950005    0.000000E+00
73.050003    0.000000E+00
73.150002    0.000000E+00
73.250000    0.000000E+00
73.349998    0.000000E+00
73.450005    0.000000E+00
73.550003    0.000000E+00
73.650002    0.000000E+00
73.750000    0.000000E+00
73.849998    0.000000E+00
73.950005    0.000000E+00
74.050003    0.000000E+00
74.150002    0.000000E+00
74.250000    0.000000E+00
74.349998    0.000000E+00
74.450005    0.000000E+00
74.550003    0.000000E+00
74.650002    0.000000E+00
74.750000    0.000000E+00
74.849998    0.000000E+00
74.950005    0.000000E+00
75.050003    0.000000E+00
75.150002    0.000000E+00
75.250000    0.000000E+00
75.349998    0.000000E+00
75.450005    0.000000E+00
75.550003    0.000000E+00
75.650002    0.000000E+00
75.750000    0.000000E+00
75.849998    0.000000E+00
75.950005    0.000000E+00
76.050003    0.000000E+00
76.150002    0.000000E+00
76.250000    0.000000E+00
76.349998    0.000000E+00
76.450005    0.000000E+00
76.550003    0.000000E+00
76.650002    0.000000E+00
76.750000    0.000000E+00
76.849998    0.000000E+00
76.950005    0.000000E+00
77.050003    0.000000E+00
77.150002    0.000000E+00
77.250000    0.000000E+00
77.349998    0.000000E+00
77.450005    0.000000E+00
77.550003    0.000000E+00
77.650002    0.000000E+00
77.750000    0.000000E+00
77.849998    0.000000E+00
77.950005    0.000000E+00
78.050003    0.000000E+00
78.150002    0.000000E+00
78.250000    0.000000E+00
78.349998    0.000000E+00
78.450005    0.000000E+00
78.550003    0.000000E+00
78.650002    0.000000E+00
78.750000    0.000000E+00
78.849998    0.000000E+00
78.950005    0.000000E+00
79.050003    0.000000E+00
79.150002    0.000000E+00
79.250000    0.000000E+00
79.349998    0.000000E+00
79.450005    0.000000E+00
79.550003    0.000000E+00
79.650002    0.000000E+00
79.750000    0.000000E+00
79.849998    0.000000E+00
79.950005    0.000000E+00
80.050003    0.000000E+00
80.150002    0.000000E+00
80.250000    0.000000E+00
80.349998    0.000000E+00
80.450005    0.000000E+00
80.550003    0.000000E+00
80.650002    0.000000E+00
80.750000    0.000000E+00
80.849998    0.000000E+00
80.950005    0.000000E+00
81.050003    0.000000E+00
81.150002    0.000000E+00
81.250000    0.000000E+00
81.349998    0.000000E+00
81.450005    0.000000E+00
81.550003    0.000000E+00
81.650002    0.000000E+00
81.750000    0.000000E+00
81.849998    0.000000E+00
81.950005    0.000000E+00
82.050003    0.000000E+00
82.150002    0.000000E+00
82.250000    0.000000E+00
82.349998    0.000000E+00
82.450005    0.000000E+00
82.550003    0.000000E+00
82.650002    0.000000E+00
82.750000    0.000000E+00
82.849998    0.000000E+00
82.950005    0.000000E+00
83.050003    0.000000E+00
83.150002    0.000000E+00
83.250000    0.000000E+00
83.349998    0.000000E+00
83.450005    0.000000E+00
83.550003    0.000000E+00
83.650002    0.000000E+00
83.750000    0.000000E+00
83.849998    0.000000E+00
83.950005    0.000000E+00
84.050003    0.000000E+00
84.150002    0.000000E+00
84.250000    0.000000E+00
84.349998    0.000000E+00
84.450005    0.000000E+00
84.550003    0.000000E+00
84.650002    0.000000E+00
84.750000    0.000000E+00
84.849998    0.000000E+00
84.950005    0.000000E+00
85.050003    0.000000E+00
85.150002    0.000000E+00
85.250000    0.000000E+00
85.349998    0.000000E+00
85.450005    0.000000E+00
85.550003    0.000000E+00
85.650002    0.000000E+00
85.750000    0.000000E+00
85.849998    0.000000E+00
85.950005    0.000000E+00
86.050003    0.000000E+00
86.150002    0.000000E+00
86.250000    0.000000E+00
86.349998    0.000000E+00
86.450005    0.000000E+00
86.550003    0.000000E+00
86.650002    0.000000E+00
86.750000    0.000000E+00
86.849998    0.000000E+00
86.950005    0.000000E+00
87.050003    0.000000E+00
87.150002    0.000000E+00
87.250000    0.000000E+00
87.349998    0.000000E+00
87.450005    0.000000E+00
87.550003    0.000000E+00
87.650002    0.000000E+00
87.750000    0.000000E+00
87.849998    0.000000E+00
87.950005    0.000000E+00
88.050003    0.000000E+00
88.150002    0.000000E+00
88.250000    0.000000E+00
88.349998    0.000000E+00
88.450005    0.000000E+00
88.550003    0.000000E+00
88.650002    0.000000E+00
88.750000    0.000000E+00
88.849998    0.000000E+00
88.950005    0.000000E+00
89.050003    0.000000E+00
89.150002    0.000000E+00
89.250000    0.000000E+00
89.349998    0.000000E+00
89.450005    0.000000E+00
89.550003    0.000000E+00
89.650002    0.000000E+00
89.750000    0.000000E+00
89.849998    0.000000E+00
89.950005    0.000000E+00
90.050003    0.000000E+00
90.150002    0.000000E+00
90.250000    0.000000E+00
90.349998    0.000000E+00
90.450005    0.000000E+00
90.550003    0.000000E+00
90.650002    0.000000E+00
90.750000    0.000000E+00
90.849998    0.000000E+00
90.950005    0.000000E+00
91.050003    0.000000E+00
91.150002    0.000000E+00
91.250000    0.000000E+00
91.349998    0.000000E+00
91.450005    0.000000E+00
91.550003    0.000000E+00
91.650002    0.000000E+00
91.750000    0.000000E+00
91.849998    0.000000E+00
91.950005    0.000000E+00
92.050003    0.000000E+00
92.150002    0.000000E+00
92.250000    0.000000E+00
92.349998    0.000000E+00
92.450005    0.000000E+00
92.550003    0.000000E+00
92.650002    0.000000E+00
92.750000    0.000000E+00
92.849998    0.000000E+00
92.950005    0.000000E+00
93.050003    0.000000E+00
93.150002    0.000000E+00
93.250000    0.000000E+00
93.349998    0.000000E+00
93.450005    0.000000E+00
93.550003    0.000000E+00
93.650002    0.000000E+00
93.750000    0.000000E+00
93.849998    0.000000E+00
93.950005    0.000000E+00
94.050003    0.000000E+00
94.150002    0.000000E+00
94.250000    0.000000E+00
94.349998    0.000000E+00
94.450005    0.000000E+00
94.550003    0.000000E+00
94.650002    0.000000E+00
94.750000    0.000000E+00
94.849998    0.000000E+00
94.950005    0.000000E+00
95.050003    0.000000E+00
95.150002    0.000000E+00
95.250000    0.000000E+00
95.349998    0.000000E+00
95.450005    0.000000E+00
95.550003    0.000000E+00
95.650002    0.000000E+00
95.750000    0.000000E+00
95.849998    0.000000E+00
95.950005    0.000000E+00
96.050003    0.000000E+00
96.150002    0.000000E+00
96.250000    0.000000E+00
96.349998    0.000000E+00
96.450005    0.000000E+00
96.550003    0.000000E+00
96.650002    0.000000E+00
96.750000    0.000000E+00
96.849998    0.000000E+00
96.950005    0.000000E+00
97.050003    0.000000E+00
97.150002    0.000000E+00
97.250000    0.000000E+00
97.349998    0.000000E+00
97.450005    0.000000E+00
97.550003    0.000000E+00
97.650002    0.000000E+00
97.750000    0.000000E+00
97.849998    0.000000E+00
97.950005    0.000000E+00
98.050003    0.000000E+00
98.150002    0.000000E+00
98.250000    0.000000E+00
98.349998    0.000000E+00
98.450005    0.000000E+00
98.550003    0.000000E+00
98.650002    0.000000E+00
98.750000    0.000000E+00
98.849998    0.000000E+00
98.950005    0.000000E+00
99.050003    0.000000E+00
99.150002    0.000000E+00
99.250000    0.000000E+00
99.349998    0.000000E+00
99.450005    0.000000E+00
99.550003    0.000000E+00
99.650002    0.000000E+00
99.750000    0.000000E+00
99.849998    0.000000E+00
99.950005    0.000000E+00
100.050003    0.000000E+00
100.150002    0.000000E+00
100.250000    0.000000E+00
100.349998    0.000000E+00
100.450005    0.000000E+00
100.550003    0.000000E+00
100.650002    0.000000E+00
100.750000    0.000000E+00
100.849998    0.000000E+00
100.950005    0.000000E+00
101.050003    0.000000E+00
101.150002    0.000000E+00
101.250000    0.000000E+00
101.349998    0.000000E+00
101.450005    0.000000E+00
101.550003    0.000000E+00
101.650002    0.000000E+00
101.750000    0.000000E+00
101.849998    0.000000E+00
101.950005    0.000000E+00
102.050003    0.000000E+00
102.150002    0.000000E+00
102.250000    0.000000E+00
102.349998    0.000000E+00
102.450005    0.000000E+00
102.550003    0.000000E+00
102.650002    0.000000E+00
102.750000    0.000000E+00
102.849998    0.000000E+00
102.950005    0.000000E+00
103.050003    0.000000E+00
103.150002    0.000000E+00
103.250000    0.000000E+00
103.349998    0.000000E+00
103.450005    0.000000E+00
103.550003    0.000000E+00
103.650002    0.000000E+00
103.750000    0.000000E+00
103.849998    0.000000E+00
103.950005    0.000000E+00
104.050003    0.000000E+00
104.150002    0.000000E+00
104.250000    0.000000E+00
104.349998    0.000000E+00
104.450005    0.000000E+00
104.550003    0.000000E+00
104.650002    0.000000E+00
104.750000    0.000000E+00
104.849998    0.000000E+00
104.950005    0.000000E+00
105.050003    0.000000E+00
105.150002    0.000000E+00
105.250000    0.000000E+00
105.349998    0.000000E+00
105.450005    0.000000E+00
105.550003    0.000000E+00
105.650002    0.000000E+00
105.750000    0.000000E+00
105.849998    0.000000E+00
105.950005    0.000000E+00
106.050003    0.000000E+00
106.150002    0.000000E+00
106.250000    0.000000E+00
106.349998    0.000000E+00
106.450005    0.000000E+00
106.550003    0.000000E+00
106.650002    0.000000E+00
106.750000    0.000000E+00
106.849998    0.000000E+00
106.950005    0.000000E+00
107.050003    0.000000E+00
107.150002    0.000000E+00
107.250000    0.000000E+00
107.349998    0.000000E+00
107.450005    0.000000E+00
107.550003    0.000000E+00
107.650002    0.000000E+00
107.750000    0.000000E+00
107.849998    0.000000E+00
107.950005    0.000000E+00
108.050003    0.000000E+00
108.150002    0.000000E+00
108.250000    0.000000E+00
108.349998    0.000000E+00
108.450005    0.000000E+00
108.550003    0.000000E+00
108.650002    0.000000E+00
108.750000    0.000000E+00
108.849998    0.000000E+00
108.950005    0.000000E+00
109.050003    0.000000E+00
109.150002    0.000000E+00
109.250000    0.000000E+00
109.349998    0.000000E+00
109.450005    0.000000E+00
109.550003    0.000000E+00
109.650002    0.000000E+00
109.750000    0.000000E+00
109.849998    0.000000E+00
109.950005    0.000000E+00
110.050003    0.000000E+00
110.150002    0.000000E+00
110.250000    0.000000E+00
110.349998    0.000000E+00
110.450005    0.000000E+00
110.550003    0.000000E+00
110.650002    0.000000E+00
110.750000    0.000000E+00
110.849998    0.000000E+00
110.950005    0.000000E+00
111.050003    0.000000E+00
111.150002    0.000000E+00
111.250000    0.000000E+00
111.349998    0.000000E+00
111.450005    0.000000E+00
111.550003    0.000000E+00
111.650002    0.000000E+00
111.750000    0.000000E+00
111.849998    0.000000E+00
111.950005    0.000000E+00
112.050003    0.000000E+00
112.150002    0.000000E+00
112.250000    0.000000E+00
112.349998    0.000000E+00
112.450005    0.000000E+00
112.550003    0.000000E+00
112.650002    0.000000E+00
112.750000    0.000000E+00
112.849998    0.000000E+00
112.950005    0.000000E+00
113.050003    0.000000E+00
113.150002    0.000000E+00
113.250000    0.000000E+00
113.349998    0.000000E+00
113.450005    0.000000E+00
113.550003    0.000000E+00
113.650002    0.000000E+00
113.750000    0.000000E+00
113.849998    0.000000E+00
113.950005    0.000000E+00
114.050003    0.000000E+00
114.150002    0.000000E+00
114.250000    0.000000E+00
114.349998    0.000000E+00
114.450005    0.000000E+00
114.550003    0.000000E+00
114.650002    0.000000E+00
114.750000    0.000000E+00
114.849998    0.000000E+00
114.950005    0.000000E+00
115.050003    0.000000E+00
115.150002    0.000000E+00
115.250000    0.000000E+00
115.349998    0.000000E+00
115.450005    0.000000E+00
115.550003    0.000000E+00
115.650002    0.000000E+00
115.750000    0.000000E+00
115.849998    0.000000E+00
115.950005    0.000000E+00
116.050003    0.000000E+00
116.150002    0.000000E+00
116.250000    0.000000E+00
116.349998    0.000000E+00
116.450005    0.000000E+00
116.550003    0.000000E+00
116.650002    0.000000E+00
116.750000    0.000000E+00
116.849998    0.000000E+00
116.950005    0.000000E+00
117.050003    0.000000E+00
117.150002    0.000000E+00
117.250000    0.000000E+00
117.349998    0.000000E+00
117.450005    0.000000E+00
117.550003    0.000000E+00
117.650002    0.000000E+00
117.750000    0.000000E+00
117.849998    0.000000E+00
117.950005    0.000000E+00
118.050003    0.000000E+00
118.150002    0.000000E+00
118.250000    0.000000E+00
118.349998    0.000000E+00
118.450005    0.000000E+00
118.550003    0.000000E+00
118.650002    0.000000E+00
118.750000    0.000000E+00
118.849998    0.000000E+00
118.950005    0.000000E+00
119.050003    0.000000E+00
119.150002    0.000000E+00
119.250000    0.000000E+00
119.349998    0.000000E+00
119.450005    0.000000E+00
119.550003    0.000000E+00
119.650002    0.000000E+00
119.750000    0.000000E+00
119.849998    0.000000E+00
119.950005    0.000000E+00
120.050003    0.000000E+00
120.150002    0.000000E+00
120.250000    0.000000E+00
120.349998    0.000000E+00
120.450005    0.000000E+00
120.550003    0.000000E+00
120.650002    0.000000E+00
120.750000    0.000000E+00
120.849998    0.000000E+00
120.950005    0.000000E+00
121.050003    0.000000E+00
121.150002    0.000000E+00
121.250000    0.000000E+00
121.349998    0.000000E+00
121.450005    0.000000E+00
121.550003    0.000000E+00
121.650002    0.000000E+00
121.750000    0.000000E+00
121.849998    0.000000E+00
121.950005    0.000000E+00
122.050003    0.000000E+00
122.150002    0.000000E+00
122.250000    0.000000E+00
122.349998    0.000000E+00
122.450005    0.000000E+00
122.550003    0.000000E+00
122.650002    0.000000E+00
122.750000    0.000000E+00
122.849998    0.000000E+00
122.950005    0.000000E+00
123.050003    0.000000E+00
123.150002    0.000000E+00
123.250000    0.000000E+00
123.349998    0.000000E+00
123.450005    0.000000E+00
123.550003    0.000000E+00
123.650002    0.000000E+00
123.750000    0.000000E+00
123.849998    0.000000E+00
123.950005    0.000000E+00
124.050003    0.000000E+00
124.150002    0.000000E+00
124.250000    0.000000E+00
124.349998    0.000000E+00
124.450005    0.000000E+00
124.550003    0.000000E+00
124.650002    0.000000E+00
124.750000    0.000000E+00
124.849998    0.000000E+00
124.950005    0.000000E+00
125.050003    0.000000E+00
125.150002    0.000000E+00
125.250000    0.000000E+00
125.349998    0.000000E+00
125.450005    0.000000E+00
125.550003    0.000000E+00
125.650002    0.000000E+00
125.750000    0.000000E+00
125.849998    0.000000E+00
125.950005    0.000000E+00
126.050003    0.000000E+00
126.150002    0.000000E+00
126.250000    0.000000E+00
126.349998    0.000000E+00
126.450005    0.000000E+00
126.550003    0.000000E+00
126.650002    0.000000E+00
126.750000    0.000000E+00
126.849998    0.000000E+00
126.950005    0.000000E+00
127.050003    0.000000E+00
127.150002    0.000000E+00
127.250000    0.000000E+00
127.349998    0.000000E+00
127.450005    0.000000E+00
127.550003    0.000000E+00
127.650002    0.000000E+00
127.750000    0.000000E+00
127.849998    0.000000E+00
127.950005    0.000000E+00
128.050003    0.000000E+00
128.150009    0.000000E+00
128.250000    0.000000E+00
128.350006    0.000000E+00
128.449997    0.000000E+00
128.550003    0.000000E+00
128.650009    0.000000E+00
128.750000    0.000000E+00
128.850006    0.000000E+00
128.949997    0.000000E+00
129.050003    0.000000E+00
129.150009    0.000000E+00
129.250000    0.000000E+00
129.350006    0.000000E+00
129.449997    0.000000E+00
129.550003    0.000000E+00
129.650009    0.000000E+00
129.750000    0.000000E+00
129.850006    0.000000E+00
129.949997    0.000000E+00
130.050003    0.000000E+00
130.150009    0.000000E+00
130.250000    0.000000E+00
130.350006    0.000000E+00
130.449997    0.000000E+00
130.550003    0.000000E+00
130.650009    0.000000E+00
130.750000    0.000000E+00
130.850006    0.000000E+00
130.949997    0.000000E+00
131.050003    0.000000E+00
131.150009    0.000000E+00
131.250000    0.000000E+00
131.350006    0.000000E+00
131.449997    0.000000E+00
131.550003    0.000000E+00
131.650009    0.000000E+00
131.750000    0.000000E+00
131.850006    0.000000E+00
131.949997    0.000000E+00
132.050003    0.000000E+00
132.150009    0.000000E+00
132.250000    0.000000E+00
132.350006    0.000000E+00
132.449997    0.000000E+00
132.550003    0.000000E+00
132.650009    0.000000E+00
132.750000    0.000000E+00
132.850006    0.000000E+00
132.949997    0.000000E+00
133.050003    0.000000E+00
133.150009    0.000000E+00
133.250000    0.000000E+00
133.350006    0.000000E+00
133.449997    0.000000E+00
133.550003    0.000000E+00
133.650009    0.000000E+00
133.750000    0.000000E+00
133.850006    0.000000E+00
133.949997    0.000000E+00
134.050003    0.000000E+00
134.150009    0.000000E+00
134.250000    0.000000E+00
134.350006    0.000000E+00
134.449997    0.000000E+00
134.550003    0.000000E+00
134.650009    0.000000E+00
134.750000    0.000000E+00
134.850006    0.000000E+00
134.949997    0.000000E+00
135.050003    0.000000E+00
135.150009    0.000000E+00
135.250000    0.000000E+00
135.350006    0.000000E+00
135.449997    0.000000E+00
135.550003    0.000000E+00
135.650009    0.000000E+00
135.750000    0.000000E+00
135.850006    0.000000E+00
135.949997    0.000000E+00
136.050003    0.000000E+00
136.150009    0.000000E+00
136.250000    0.000000E+00
136.350006    0.000000E+00
136.449997    0.000000E+00
136.550003    0.000000E+00
136.650009    0.000000E+00
136.750000    0.000000E+00
136.850006    0.000000E+00
136.949997    0.000000E+00
137.050003    0.000000E+00
137.150009    0.000000E+00
137.250000    0.000000E+00
137.350006    0.000000E+00
137.449997    0.000000E+00
137.550003    0.000000E+00
137.650009    0.000000E+00
137.750000    0.000000E+00
137.850006    0.000000E+00
137.949997    0.000000E+00
138.050003    0.000000E+00
138.150009    0.000000E+00
138.250000    0.000000E+00
138.350006    0.000000E+00
138.449997    0.000000E+00
138.550003    0.000000E+00
138.650009    0.000000E+00
138.750000    0.000000E+00
138.850006    0.000000E+00
138.949997    0.000000E+00
139.050003    0.000000E+00
139.150009    0.000000E+00
139.250000    0.000000E+00
139.350006    0.000000E+00
139.449997    0.000000E+00
139.550003    0.000000E+00
139.650009    0.000000E+00
139.750000    0.000000E+00
139.850006    0.000000E+00
139.949997    0.000000E+00
140.050003    0.000000E+00
140.150009    0.000000E+00
140.250000    0.000000E+00
140.350006    0.000000E+00
140.449997    0.000000E+00
140.550003    0.000000E+00
140.650009    0.000000E+00
140.750000    0.000000E+00
140.850006    0.000000E+00
140.949997    0.000000E+00
141.050003    0.000000E+00
141.150009    0.000000E+00
141.250000    0.000000E+00
141.350006    0.000000E+00
141.449997    0.000000E+00
141.550003    0.000000E+00
141.650009    0.000000E+00
141.750000    0.000000E+00
141.850006    0.000000E+00
141.949997    0.000000E+00
142.050003    0.000000E+00
142.150009    0.000000E+00
142.250000    0.000000E+00
142.350006    0.000000E+00
142.449997    0.000000E+00
142.550003    0.000000E+00
142.650009    0.000000E+00
142.750000    0.000000E+00
142.850006    0.000000E+00
142.949997    0.000000E+00
143.050003    0.000000E+00
143.150009    0.000000E+00
143.250000    0.000000E+00
143.350006    0.000000E+00
143.449997    0.000000E+00
143.550003    0.000000E+00
143.650009    0.000000E+00
143.750000    0.000000E+00
143.850006    0.000000E+00
143.949997    0.000000E+00
144.050003    0.000000E+00
144.150009    0.000000E+00
144.250000    0.000000E+00
144.350006    0.000000E+00
144.449997    0.000000E+00
144.550003    0.000000E+00
144.650009    0.000000E+00
144.750000    0.000000E+00
144.850006    0.000000E+00
144.949997    0.000000E+00
145.050003    0.000000E+00
145.150009    0.000000E+00
145.250000    0.000000E+00
145.350006    0.000000E+00
145.449997    0.000000E+00
145.550003    0.000000E+00
145.650009    0.000000E+00
145.750000    0.000000E+00
145.850006    0.000000E+00
145.949997    0.000000E+00
146.050003    0.000000E+00
146.150009    0.000000E+00
146.250000    0.000000E+00
146.350006    0.000000E+00
146.449997    0.000000E+00
146.550003    0.000000E+00
146.650009    0.000000E+00
146.750000    0.000000E+00
146.850006    0.000000E+00
146.949997    0.000000E+00
147.050003    0.000000E+00
147.150009    0.000000E+00
147.250000    0.000000E+00
147.350006    0.000000E+00
147.449997    0.000000E+00
147.550003    0.000000E+00
147.650009    0.000000E+00
147.750000    0.000000E+00
147.850006    0.000000E+00
147.949997    0.000000E+00
148.050003    0.000000E+00
148.150009    0.000000E+00
148.250000    0.000000E+00
148.350006    0.000000E+00
148.449997    0.000000E+00
148.550003    0.000000E+00
148.650009    0.000000E+00
148.750000    0.000000E+00
148.850006    0.000000E+00
148.949997    0.000000E+00
149.050003    0.000000E+00
149.150009    0.000000E+00
149.250000    0.000000E+00
149.350006    0.000000E+00
149.449997    0.000000E+00
149.550003    0.000000E+00
149.650009    0.000000E+00
149.750000    0.000000E+00
149.850006    0.000000E+00
149.949997    0.000000E+00
150.050003    0.000000E+00
150.150009    0.000000E+00
150.250000    0.000000E+00
150.350006    0.000000E+00
150.449997    0.000000E+00
150.550003    0.000000E+00
150.650009    0.000000E+00
150.750000    0.000000E+00
150.850006    0.000000E+00
150.949997    0.000000E+00
151.050003    0.000000E+00
151.150009    0.000000E+00
151.250000    0.000000E+00
151.350006    0.000000E+00
151.449997    0.000000E+00
151.550003    0.000000E+00
151.650009    0.000000E+00
151.750000    0.000000E+00
151.850006    0.000000E+00
151.949997    0.000000E+00
152.050003    0.000000E+00
152.150009    0.000000E+00
152.250000    0.000000E+00
152.350006    0.000000E+00
152.449997    0.000000E+00
152.550003    0.000000E+00
152.650009    0.000000E+00
152.750000    0.000000E+00
152.850006    0.000000E+00
152.949997    0.000000E+00
153.050003    0.000000E+00
153.150009    0.000000E+00
153.250000    0.000000E+00
153.350006    0.000000E+00
153.449997    0.000000E+00
153.550003    0.000000E+00
153.650009    0.000000E+00
153.750000    0.000000E+00
153.850006    0.000000E+00
153.949997    0.000000E+00
154.050003    0.000000E+00
154.150009    0.000000E+00
154.250000    0.000000E+00
154.350006    0.000000E+00
154.449997    0.000000E+00
154.550003    0.000000E+00
154.650009    0.000000E+00
154.750000    0.000000E+00
154.850006    0.000000E+00
154.949997    0.000000E+00
155.050003    0.000000E+00
155.150009    0.000000E+00
155.250000    0.000000E+00
155.350006    0.000000E+00
155.449997    0.000000E+00
155.550003    0.000000E+00
155.650009    0.000000E+00
155.750000    0.000000E+00
155.850006    0.000000E+00
155.949997    0.000000E+00
156.050003    0.000000E+00
156.150009    0.000000E+00
156.250000    0.000000E+00
156.350006    0.000000E+00
156.449997    0.000000E+00
156.550003    0.000000E+00
156.650009    0.000000E+00
156.750000    0.000000E+00
156.850006    0.000000E+00
156.949997    0.000000E+00
157.050003    0.000000E+00
157.150009    0.000000E+00
157.250000    0.000000E+00
157.350006    0.000000E+00
157.449997    0.000000E+00
157.550003    0.000000E+00
157.650009    0.000000E+00
157.750000    0.000000E+00
157.850006    0.000000E+00
157.949997    0.000000E+00
158.050003    0.000000E+00
158.150009    0.000000E+00
158.250000    0.000000E+00
158.350006    0.000000E+00
158.449997    0.000000E+00
158.550003    0.000000E+00
158.650009    0.000000E+00
158.750000    0.000000E+00
158.850006    0.000000E+00
158.949997    0.000000E+00
159.050003    0.000000E+00
159.150009    0.000000E+00
159.250000    0.000000E+00
159.350006    0.000000E+00
159.449997    0.000000E+00
159.550003    0.000000E+00
159.650009    0.000000E+00
159.750000    0.000000E+00
159.850006    0.000000E+00
159.949997    0.000000E+00
160.050003    0.000000E+00
160.150009    0.000000E+00
160.250000    0.000000E+00
160.350006    0.000000E+00
160.449997    0.000000E+00
160.550003    0.000000E+00
160.650009    0.000000E+00
160.750000    0.000000E+00
160.850006    0.000000E+00
160.949997    0.000000E+00
161.050003    0.000000E+00
161.150009    0.000000E+00
161.250000    0.000000E+00
161.350006    0.000000E+00
161.449997    0.000000E+00
161.550003    0.000000E+00
161.650009    0.000000E+00
161.750000    0.000000E+00
161.850006    0.000000E+00
161.949997    0.000000E+00
162.050003    0.000000E+00
162.150009    0.000000E+00
162.250000    0.000000E+00
162.350006    0.000000E+00
162.449997    0.000000E+00
162.550003    0.000000E+00
162.650009    0.000000E+00
162.750000    0.000000E+00
162.850006    0.000000E+00
162.949997    0.000000E+00
163.050003    0.000000E+00
163.150009    0.000000E+00
163.250000    0.000000E+00
163.350006    0.000000E+00
163.449997    0.000000E+00
163.550003    0.000000E+00
163.650009    0.000000E+00
163.750000    0.000000E+00
163.850006    0.000000E+00
163.949997    0.000000E+00
164.050003    0.000000E+00
164.150009    0.000000E+00
164.250000    0.000000E+00
164.350006    0.000000E+00
164.449997    0.000000E+00
164.550003    0.000000E+00
164.650009    0.000000E+00
164.750000    0.000000E+00
164.850006    0.000000E+00
164.949997    0.000000E+00
165.050003    0.000000E+00
165.150009    0.000000E+00
165.250000    0.000000E+00
165.350006    0.000000E+00
165.449997    0.000000E+00
165.550003    0.000000E+00
165.650009    0.000000E+00
165.750000    0.000000E+00
165.850006    0.000000E+00
165.949997    0.000000E+00
166.050003    0.000000E+00
166.150009    0.000000E+00
166.250000    0.000000E+00
166.350006    0.000000E+00
166.449997    0.000000E+00
166.550003    0.000000E+00
166.650009    0.000000E+00
166.750000    0.000000E+00
166.850006    0.000000E+00
166.949997    0.000000E+00
167.050003    0.000000E+00
167.150009    0.000000E+00
167.250000    0.000000E+00
167.350006    0.000000E+00
167.449997    0.000000E+00
167.550003    0.000000E+00
167.650009    0.000000E+00
167.750000    0.000000E+00
167.850006    0.000000E+00
167.949997    0.000000E+00
168.050003    0.000000E+00
168.150009    0.000000E+00
168.250000    0.000000E+00
168.350006    0.000000E+00
168.449997    0.000000E+00
168.550003    0.000000E+00
168.650009    0.000000E+00
168.750000    0.000000E+00
168.850006    0.000000E+00
168.949997    0.000000E+00
169.050003    0.000000E+00
169.150009    0.000000E+00
169.250000    0.000000E+00
169.350006    0.000000E+00
169.449997    0.000000E+00
169.550003    0.000000E+00
169.650009    0.000000E+00
169.750000    0.000000E+00
169.850006    0.000000E+00
169.949997    0.000000E+00
170.050003    0.000000E+00
170.150009    0.000000E+00
170.250000    0.000000E+00
170.350006    0.000000E+00
170.449997    0.000000E+00
170.550003    0.000000E+00
170.650009    0.000000E+00
170.750000    0.000000E+00
170.850006    0.000000E+00
170.949997    0.000000E+00
171.050003    0.000000E+00
171.150009    0.000000E+00
171.250000    0.000000E+00
171.350006    0.000000E+00
171.449997    0.000000E+00
171.550003    0.000000E+00
171.650009    0.000000E+00
171.750000    0.000000E+00
171.850006    0.000000E+00
171.949997    0.000000E+00
172.050003    0.000000E+00
172.150009    0.000000E+00
172.250000    0.000000E+00
172.350006    0.000000E+00
172.449997    0.000000E+00
172.550003    0.000000E+00
172.650009    0.000000E+00
172.750000    0.000000E+00
172.850006    0.000000E+00
172.949997    0.000000E+00
173.050003    0.000000E+00
173.150009    0.000000E+00
173.250000    0.000000E+00
173.350006    0.000000E+00
173.449997    0.000000E+00
173.550003    0.000000E+00
173.650009    0.000000E+00
173.750000    0.000000E+00
173.850006    0.000000E+00
173.949997    0.000000E+00
174.050003    0.000000E+00
174.150009    0.000000E+00
174.250000    0.000000E+00
174.350006    0.000000E+00
174.449997    0.000000E+00
174.550003    0.000000E+00
174.650009    0.000000E+00
174.750000    0.000000E+00
174.850006    0.000000E+00
174.949997    0.000000E+00
175.050003    0.000000E+00
175.150009    0.000000E+00
175.250000    0.000000E+00
175.350006    0.000000E+00
175.449997    0.000000E+00
175.550003    0.000000E+00
175.650009    0.000000E+00
175.750000    0.000000E+00
175.850006    0.000000E+00
175.949997    0.000000E+00
176.050003    0.000000E+00
176.150009    0.000000E+00
176.250000    0.000000E+00
176.350006    0.000000E+00
176.449997    0.000000E+00
176.550003    0.000000E+00
176.650009    0.000000E+00
176.750000    0.000000E+00
176.850006    0.000000E+00
176.949997    0.000000E+00
177.050003    0.000000E+00
177.150009    0.000000E+00
177.250000    0.000000E+00
177.350006    0.000000E+00
177.449997    0.000000E+00
177.550003    0.000000E+00
177.650009    0.000000E+00
177.750000    0.000000E+00
177.850006    0.000000E+00
177.949997    0.000000E+00
178.050003    0.000000E+00
178.150009    0.000000E+00
178.250000    0.000000E+00
178.350006    0.000000E+00
178.449997    0.000000E+00
178.550003    0.000000E+00
178.650009    0.000000E+00
178.750000    0.000000E+00
178.850006    0.000000E+00
178.949997    0.000000E+00
179.050003    0.000000E+00
179.150009    0.000000E+00
179.250000    0.000000E+00
179.350006    0.000000E+00
179.449997    0.000000E+00
179.550003    0.000000E+00
179.650009    0.000000E+00
179.750000    0.000000E+00
179.850006    0.000000E+00
179.949997    0.000000E+00
180.050003    0.000000E+00
180.150009    0.000000E+00
180.250000    0.000000E+00
180.350006    0.000000E+00
180.449997    0.000000E+00
180.550003    0.000000E+00
180.650009    0.000000E+00
180.750000    0.000000E+00
180.850006    0.000000E+00
180.949997    0.000000E+00
181.050003    0.000000E+00
181.150009    0.000000E+00
181.250000    0.000000E+00
181.350006    0.000000E+00
181.449997    0.000000E+00
181.550003    0.000000E+00
181.650009    0.000000E+00
181.750000    0.000000E+00
181.850006    0.000000E+00
181.949997    0.000000E+00
182.050003    0.000000E+00
182.150009    0.000000E+00
182.250000    0.000000E+00
182.350006    0.000000E+00
182.449997    0.000000E+00
182.550003    0.000000E+00
182.650009    0.000000E+00
182.750000    0.000000E+00
182.850006    0.000000E+00
182.949997    0.000000E+00
183.050003    0.000000E+00
183.150009    0.000000E+00
183.250000    0.000000E+00
183.350006    0.000000E+00
183.449997    0.000000E+00
183.550003    0.000000E+00
183.650009    0.000000E+00
183.750000    0.000000E+00
183.850006    0.000000E+00
183.949997    0.000000E+00
184.050003    0.000000E+00
184.150009    0.000000E+00
184.250000    0.000000E+00
184.350006    0.000000E+00
184.449997    0.000000E+00
184.550003    0.000000E+00
184.650009    0.000000E+00
184.750000    0.000000E+00
184.850006    0.000000E+00
184.949997    0.000000E+00
185.050003    0.000000E+00
185.150009    0.000000E+00
185.250000    0.000000E+00
185.350006    0.000000E+00
185.449997    0.000000E+00
185.550003    0.000000E+00
185.650009    0.000000E+00
185.750000    0.000000E+00
185.850006    0.000000E+00
185.949997    0.000000E+00
186.050003    0.000000E+00
186.150009    0.000000E+00
186.250000    0.000000E+00
186.350006    0.000000E+00
186.449997    0.000000E+00
186.550003    0.000000E+00
186.650009    0.000000E+00
186.750000    0.000000E+00
186.850006    0.000000E+00
186.949997    0.000000E+00
187.050003    0.000000E+00
187.150009    0.000000E+00
187.250000    0.000000E+00
187.350006    0.000000E+00
187.449997    0.000000E+00
187.550003    0.000000E+00
187.650009    0.000000E+00
187.750000    0.000000E+00
187.850006    0.000000E+00
187.949997    0.000000E+00
188.050003    0.000000E+00
188.150009    0.000000E+00
188.250000    0.000000E+00
188.350006    0.000000E+00
188.449997    0.000000E+00
188.550003    0.000000E+00
188.650009    0.000000E+00
188.750000    0.000000E+00
188.850006    0.000000E+00
188.949997    0.000000E+00
189.050003    0.000000E+00
189.150009    0.000000E+00
189.250000    0.000000E+00
189.350006    0.000000E+00
189.449997    0.000000E+00
189.550003    0.000000E+00
189.650009    0.000000E+00
189.750000    0.000000E+00
189.850006    0.000000E+00
189.949997    0.000000E+00
190.050003    0.000000E+00
190.150009    0.000000E+00
190.250000    0.000000E+00
190.350006    0.000000E+00
190.449997    0.000000E+00
190.550003    0.000000E+00
190.650009    0.000000E+00
190.750000    0.000000E+00
190.850006    0.000000E+00
190.949997    0.000000E+00
191.050003    0.000000E+00
191.150009    0.000000E+00
191.250000    0.000000E+00
191.350006    0.000000E+00
191.449997    0.000000E+00
191.550003    0.000000E+00
191.650009    0.000000E+00
191.750000    0.000000E+00
191.850006    0.000000E+00
191.949997    0.000000E+00
192.050003    0.000000E+00
192.150009    0.000000E+00
192.250000    0.000000E+00
192.350006    0.000000E+00
192.449997    0.000000E+00
192.550003    0.000000E+00
192.650009    0.000000E+00
192.750000    0.000000E+00
192.850006    0.000000E+00
192.949997    0.000000E+00
193.050003    0.000000E+00
193.150009    0.000000E+00
193.250000    0.000000E+00
193.350006    0.000000E+00
193.449997    0.000000E+00
193.550003    0.000000E+00
193.650009    0.000000E+00
193.750000    0.000000E+00
193.850006    0.000000E+00
193.949997    0.000000E+00
194.050003    0.000000E+00
194.150009    0.000000E+00
194.250000    0.000000E+00
194.350006    0.000000E+00
194.449997    0.000000E+00
194.550003    0.000000E+00
194.650009    0.000000E+00
194.750000    0.000000E+00
194.850006    0.000000E+00
194.949997    0.000000E+00
195.050003    0.000000E+00
195.150009    0.000000E+00
195.250000    0.000000E+00
195.350006    0.000000E+00
195.449997    0.000000E+00
195.550003    0.000000E+00
195.650009    0.000000E+00
195.750000    0.000000E+00
195.850006    0.000000E+00
195.949997    0.000000E+00
196.050003    0.000000E+00
196.150009    0.000000E+00
196.250000    0.000000E+00
196.350006    0.000000E+00
196.449997    0.000000E+00
196.550003    0.000000E+00
196.650009    0.000000E+00
196.750000    0.000000E+00
196.850006    0.000000E+00
196.949997    0.000000E+00
197.050003    0.000000E+00
197.150009    0.000000E+00
197.250000    0.000000E+00
197.350006    0.000000E+00
197.449997    0.000000E+00
197.550003    0.000000E+00
197.650009    0.000000E+00
197.750000    0.000000E+00
197.850006    0.000000E+00
197.949997    0.000000E+00
198.050003    0.000000E+00
198.150009    0.000000E+00
198.250000    0.000000E+00
198.350006    0.000000E+00
198.449997    0.000000E+00
198.550003    0.000000E+00
198.650009    0.000000E+00
198.750000    0.000000E+00
198.850006    0.000000E+00
198.949997    0.000000E+00
199.050003    0.000000E+00
199.150009    0.000000E+00
199.250000    0.000000E+00
199.350006    0.000000E+00
199.449997    0.000000E+00
199.550003    0.000000E+00
199.650009    0.000000E+00
199.750000    0.000000E+00
199.850006    0.000000E+00
199.949997    0.000000E+00
