#energy[eV]  rel.intensity
15.050000    0.000000E+00
15.150000    0.000000E+00
15.250000    0.000000E+00
15.350000    0.000000E+00
15.450000    0.000000E+00
15.550000    0.000000E+00
15.650000    0.000000E+00
15.750000    0.000000E+00
15.850000    0.000000E+00
15.950000    0.000000E+00
16.050000    0.000000E+00
16.150000    0.000000E+00
16.250000    0.000000E+00
16.350000    0.000000E+00
16.450000    0.000000E+00
16.550000    0.000000E+00
16.650000    0.000000E+00
16.750000    0.000000E+00
16.850000    0.000000E+00
16.950000    0.000000E+00
17.050000    0.000000E+00
17.150000    0.000000E+00
17.250000    0.000000E+00
17.350000    0.000000E+00
17.450000    0.000000E+00
17.550000    0.000000E+00
17.650000    0.000000E+00
17.750000    0.000000E+00
17.850000    0.000000E+00
17.950000    0.000000E+00
18.050000    0.000000E+00
18.150000    0.000000E+00
18.250000    0.000000E+00
18.350000    0.000000E+00
18.450000    0.000000E+00
18.550000    0.000000E+00
18.650000    0.000000E+00
18.750000    0.000000E+00
18.850000    0.000000E+00
18.950000    0.000000E+00
19.050000    0.000000E+00
19.150000    0.000000E+00
19.250000    0.000000E+00
19.350000    0.000000E+00
19.450000    0.000000E+00
19.550000    0.000000E+00
19.650000    0.000000E+00
19.750000    0.000000E+00
19.850000    0.000000E+00
19.950000    0.000000E+00
20.050000    0.000000E+00
20.150000    0.000000E+00
20.250000    0.000000E+00
20.350000    0.000000E+00
20.450000    0.000000E+00
20.550000    0.000000E+00
20.650000    0.000000E+00
20.750000    0.000000E+00
20.850000    0.000000E+00
20.950000    0.000000E+00
21.050000    0.000000E+00
21.150000    0.000000E+00
21.250000    0.000000E+00
21.350000    0.000000E+00
21.450000    0.000000E+00
21.550000    0.000000E+00
21.650000    0.000000E+00
21.750000    0.000000E+00
21.850000    0.000000E+00
21.950000    0.000000E+00
22.050000    0.000000E+00
22.150000    0.000000E+00
22.250000    0.000000E+00
22.350000    0.000000E+00
22.450000    0.000000E+00
22.550000    0.000000E+00
22.650000    0.000000E+00
22.750000    0.000000E+00
22.850000    0.000000E+00
22.950000    0.000000E+00
23.050000    0.000000E+00
23.150000    0.000000E+00
23.250000    0.000000E+00
23.350000    0.000000E+00
23.450000    0.000000E+00
23.550000    0.000000E+00
23.650000    0.000000E+00
23.750000    0.000000E+00
23.850000    0.000000E+00
23.950000    0.000000E+00
24.050000    0.000000E+00
24.150000    0.000000E+00
24.250000    0.000000E+00
24.350000    0.000000E+00
24.450000    0.000000E+00
24.550000    0.000000E+00
24.650000    0.000000E+00
24.750000    0.000000E+00
24.850000    0.000000E+00
24.950000    0.000000E+00
25.050000    0.000000E+00
25.150000    0.000000E+00
25.250000    0.000000E+00
25.350000    0.000000E+00
25.450000    0.000000E+00
25.550000    0.000000E+00
25.650000    0.000000E+00
25.750000    0.000000E+00
25.850000    0.000000E+00
25.950000    0.000000E+00
26.050000    0.000000E+00
26.150000    0.000000E+00
26.250000    0.000000E+00
26.350000    0.000000E+00
26.450000    0.000000E+00
26.550000    0.000000E+00
26.650000    0.000000E+00
26.750000    0.000000E+00
26.850000    0.000000E+00
26.950000    0.000000E+00
27.050000    0.000000E+00
27.150000    0.000000E+00
27.250000    0.000000E+00
27.350000    0.000000E+00
27.450000    0.000000E+00
27.550000    0.000000E+00
27.650000    0.000000E+00
27.750000    0.000000E+00
27.850000    0.000000E+00
27.950000    0.000000E+00
28.050000    0.000000E+00
28.150000    0.000000E+00
28.250000    0.000000E+00
28.350000    0.000000E+00
28.450000    0.000000E+00
28.550000    0.000000E+00
28.650000    0.000000E+00
28.750000    0.000000E+00
28.850000    0.000000E+00
28.950000    0.000000E+00
29.050000    0.000000E+00
29.150000    0.000000E+00
29.250000    0.000000E+00
29.350000    0.000000E+00
29.450000    0.000000E+00
29.550000    0.000000E+00
29.650000    0.000000E+00
29.750000    0.000000E+00
29.850000    0.000000E+00
29.950000    5.070266E-06
30.050000    6.654311E-06
30.150000    7.286237E-06
30.250000    2.264416E-05
30.350000    1.138523E-04
30.450000    3.896301E-04
30.550000    8.430924E-04
30.650000    1.239961E-03
30.750000    1.518109E-03
30.850000    1.865034E-03
30.950000    2.000000E-03
31.050000    1.500092E-03
31.150000    7.158389E-04
31.250000    2.117635E-04
31.350000    3.859467E-05
31.450000    4.329937E-06
31.550000    0.000000E+00
31.650000    0.000000E+00
31.750000    0.000000E+00
31.850000    0.000000E+00
31.950000    0.000000E+00
32.050000    0.000000E+00
32.150000    0.000000E+00
32.250000    0.000000E+00
32.350000    0.000000E+00
32.450000    0.000000E+00
32.550000    0.000000E+00
32.650000    0.000000E+00
32.750000    0.000000E+00
32.850000    0.000000E+00
32.950000    0.000000E+00
33.050000    0.000000E+00
33.150000    0.000000E+00
33.250000    0.000000E+00
33.350000    0.000000E+00
33.450000    0.000000E+00
33.550000    0.000000E+00
33.650000    0.000000E+00
33.750000    0.000000E+00
33.850000    0.000000E+00
33.950000    0.000000E+00
34.050000    0.000000E+00
34.150000    0.000000E+00
34.250000    0.000000E+00
34.350000    0.000000E+00
34.450000    0.000000E+00
34.550000    0.000000E+00
34.650000    1.829740E-05
34.750000    7.698566E-05
34.850000    2.186699E-04
34.950000    4.110911E-04
35.050000    5.067533E-04
35.150000    4.079014E-04
35.250000    2.140118E-04
35.350000    7.319282E-05
35.450000    1.691876E-05
35.550000    6.627341E-06
35.650000    1.871054E-05
35.750000    5.269554E-05
35.850000    9.891971E-05
35.950000    1.228476E-04
36.050000    1.021897E-04
36.150000    5.929165E-05
36.250000    2.669198E-05
36.350000    1.096213E-05
36.450000    4.256902E-06
36.550000    0.000000E+00
36.650000    0.000000E+00
36.750000    0.000000E+00
36.850000    0.000000E+00
36.950000    0.000000E+00
37.050000    0.000000E+00
37.150000    0.000000E+00
37.250000    0.000000E+00
37.350000    0.000000E+00
37.450000    0.000000E+00
37.550000    0.000000E+00
37.650000    0.000000E+00
37.750000    0.000000E+00
37.850000    0.000000E+00
37.950000    0.000000E+00
38.050000    0.000000E+00
38.150000    0.000000E+00
38.250000    0.000000E+00
38.350000    0.000000E+00
38.450000    0.000000E+00
38.550000    0.000000E+00
38.650000    0.000000E+00
38.750000    0.000000E+00
38.850000    0.000000E+00
38.950000    0.000000E+00
39.050000    0.000000E+00
39.150000    0.000000E+00
39.250000    0.000000E+00
39.350000    0.000000E+00
39.450000    0.000000E+00
39.550000    0.000000E+00
39.650000    0.000000E+00
39.750000    0.000000E+00
39.850000    0.000000E+00
39.950000    0.000000E+00
40.050000    0.000000E+00
40.150000    0.000000E+00
40.250000    0.000000E+00
40.350000    0.000000E+00
40.450000    0.000000E+00
40.550000    0.000000E+00
40.650000    0.000000E+00
40.750000    0.000000E+00
40.850000    0.000000E+00
40.950000    0.000000E+00
41.050000    0.000000E+00
41.150000    0.000000E+00
41.250000    0.000000E+00
41.350000    0.000000E+00
41.450000    0.000000E+00
41.550000    0.000000E+00
41.650000    0.000000E+00
41.750000    0.000000E+00
41.850000    0.000000E+00
41.950000    0.000000E+00
42.050000    0.000000E+00
42.150000    0.000000E+00
42.250000    0.000000E+00
42.350000    0.000000E+00
42.450000    0.000000E+00
42.550000    0.000000E+00
42.650000    0.000000E+00
42.750000    0.000000E+00
42.850000    0.000000E+00
42.950000    0.000000E+00
43.050000    0.000000E+00
43.150000    0.000000E+00
43.250000    0.000000E+00
43.350000    0.000000E+00
43.450000    0.000000E+00
43.550000    0.000000E+00
43.650000    0.000000E+00
43.750000    0.000000E+00
43.850000    0.000000E+00
43.950000    0.000000E+00
44.050000    0.000000E+00
44.150000    0.000000E+00
44.250000    0.000000E+00
44.350000    0.000000E+00
44.450000    0.000000E+00
44.550000    0.000000E+00
44.650000    0.000000E+00
44.750000    0.000000E+00
44.850000    0.000000E+00
44.950000    0.000000E+00
45.050000    0.000000E+00
45.150000    0.000000E+00
45.250000    0.000000E+00
45.350000    0.000000E+00
45.450000    0.000000E+00
45.550000    0.000000E+00
45.650000    0.000000E+00
45.750000    0.000000E+00
45.850000    0.000000E+00
45.950000    0.000000E+00
46.050000    0.000000E+00
46.150000    0.000000E+00
46.250000    0.000000E+00
46.350000    0.000000E+00
46.450000    0.000000E+00
46.550000    0.000000E+00
46.650000    0.000000E+00
46.750000    0.000000E+00
46.850000    0.000000E+00
46.950000    0.000000E+00
47.050000    0.000000E+00
47.150000    0.000000E+00
47.250000    0.000000E+00
47.350000    0.000000E+00
47.450000    0.000000E+00
47.550000    0.000000E+00
47.650000    0.000000E+00
47.750000    0.000000E+00
47.850000    0.000000E+00
47.950000    0.000000E+00
48.050000    0.000000E+00
48.150000    0.000000E+00
48.250000    0.000000E+00
48.350000    0.000000E+00
48.450000    0.000000E+00
48.550000    0.000000E+00
48.650000    0.000000E+00
48.750000    0.000000E+00
48.850000    0.000000E+00
48.950000    0.000000E+00
49.050000    0.000000E+00
49.150000    0.000000E+00
49.250000    0.000000E+00
49.350000    0.000000E+00
49.450000    0.000000E+00
49.550000    0.000000E+00
49.650000    0.000000E+00
49.750000    0.000000E+00
49.850000    0.000000E+00
49.950000    0.000000E+00
50.050000    0.000000E+00
50.150000    0.000000E+00
50.250000    0.000000E+00
50.350000    0.000000E+00
50.450000    0.000000E+00
50.550000    0.000000E+00
50.650000    0.000000E+00
50.750000    0.000000E+00
50.850000    0.000000E+00
50.950000    0.000000E+00
51.050000    0.000000E+00
51.150000    0.000000E+00
51.250000    0.000000E+00
51.350000    0.000000E+00
51.450000    0.000000E+00
51.550000    0.000000E+00
51.650000    0.000000E+00
51.750000    0.000000E+00
51.850000    0.000000E+00
51.950000    0.000000E+00
52.050000    0.000000E+00
52.150000    0.000000E+00
52.250000    0.000000E+00
52.350000    0.000000E+00
52.450000    0.000000E+00
52.550000    0.000000E+00
52.650000    0.000000E+00
52.750000    5.077422E-06
52.850000    1.341030E-05
52.950000    2.717347E-05
53.050000    4.161326E-05
53.150000    4.826689E-05
53.250000    4.304831E-05
53.350000    3.123202E-05
53.450000    2.160392E-05
53.550000    1.749502E-05
53.650000    1.580426E-05
53.750000    1.282165E-05
53.850000    8.272409E-06
53.950000    4.085335E-06
54.050000    0.000000E+00
54.150000    0.000000E+00
54.250000    0.000000E+00
54.350000    0.000000E+00
54.450000    0.000000E+00
54.550000    0.000000E+00
54.650000    0.000000E+00
54.750000    5.555231E-06
54.850000    8.377404E-06
54.950000    9.606798E-06
55.050000    8.377404E-06
55.150000    5.555230E-06
55.250000    0.000000E+00
55.350000    0.000000E+00
55.450000    0.000000E+00
55.550000    0.000000E+00
55.650000    0.000000E+00
55.750000    0.000000E+00
55.850000    0.000000E+00
55.950000    0.000000E+00
56.050000    0.000000E+00
56.150000    0.000000E+00
56.250000    0.000000E+00
56.350000    0.000000E+00
56.450000    4.145217E-06
56.550000    4.735150E-06
56.650000    4.145217E-06
56.750000    0.000000E+00
56.850000    0.000000E+00
56.950000    0.000000E+00
57.050000    0.000000E+00
57.150000    0.000000E+00
57.250000    0.000000E+00
57.350000    0.000000E+00
57.450000    8.691343E-06
57.550000    2.264252E-05
57.650000    4.597308E-05
57.750000    7.287179E-05
57.850000    9.032247E-05
57.950000    8.766338E-05
58.050000    6.669147E-05
58.150000    3.979068E-05
58.250000    1.861824E-05
58.350000    6.828109E-06
58.450000    0.000000E+00
58.550000    0.000000E+00
58.650000    0.000000E+00
58.750000    0.000000E+00
58.850000    0.000000E+00
58.950000    8.199277E-06
59.050000    1.991558E-05
59.150000    3.754000E-05
59.250000    5.491300E-05
59.350000    6.233551E-05
59.450000    5.491300E-05
59.550000    3.754000E-05
59.650000    1.991557E-05
59.750000    8.199185E-06
59.850000    0.000000E+00
59.950000    0.000000E+00
60.050000    0.000000E+00
60.150000    0.000000E+00
60.250000    0.000000E+00
60.350000    0.000000E+00
60.450000    0.000000E+00
60.550000    0.000000E+00
60.650000    0.000000E+00
60.750000    0.000000E+00
60.850000    0.000000E+00
60.950000    0.000000E+00
61.050000    0.000000E+00
61.150000    0.000000E+00
61.250000    0.000000E+00
61.350000    0.000000E+00
61.450000    0.000000E+00
61.550000    0.000000E+00
61.650000    0.000000E+00
61.750000    0.000000E+00
61.850000    0.000000E+00
61.950000    0.000000E+00
62.050000    0.000000E+00
62.150000    0.000000E+00
62.250000    0.000000E+00
62.350000    0.000000E+00
62.450000    0.000000E+00
62.550000    0.000000E+00
62.650000    0.000000E+00
62.750000    0.000000E+00
62.850000    0.000000E+00
62.950000    0.000000E+00
63.050000    0.000000E+00
63.150000    0.000000E+00
63.250000    0.000000E+00
63.350000    0.000000E+00
63.450000    0.000000E+00
63.550000    0.000000E+00
63.650000    0.000000E+00
63.750000    0.000000E+00
63.850000    0.000000E+00
63.950000    0.000000E+00
64.050000    0.000000E+00
64.150000    0.000000E+00
64.250000    0.000000E+00
64.350000    0.000000E+00
64.450000    0.000000E+00
64.550000    0.000000E+00
64.650000    0.000000E+00
64.750000    0.000000E+00
64.850000    0.000000E+00
64.950000    0.000000E+00
65.050000    0.000000E+00
65.150000    0.000000E+00
65.250000    0.000000E+00
65.350000    0.000000E+00
65.450000    0.000000E+00
65.550000    0.000000E+00
65.650000    0.000000E+00
65.750000    0.000000E+00
65.850000    0.000000E+00
65.950000    0.000000E+00
66.050000    0.000000E+00
66.150000    0.000000E+00
66.250000    0.000000E+00
66.350000    0.000000E+00
66.450000    0.000000E+00
66.550000    0.000000E+00
66.650000    0.000000E+00
66.750000    0.000000E+00
66.850000    0.000000E+00
66.950000    4.343739E-06
67.050000    7.600199E-06
67.150000    1.063168E-05
67.250000    1.189033E-05
67.350000    1.063168E-05
67.450000    7.600199E-06
67.550000    4.343739E-06
67.650000    0.000000E+00
67.750000    0.000000E+00
67.850000    0.000000E+00
67.950000    0.000000E+00
68.050000    0.000000E+00
68.150000    0.000000E+00
68.250000    0.000000E+00
68.350000    0.000000E+00
68.450000    0.000000E+00
68.550000    0.000000E+00
68.650000    0.000000E+00
68.750000    0.000000E+00
68.850000    0.000000E+00
68.950000    0.000000E+00
69.050000    0.000000E+00
69.150000    0.000000E+00
69.250000    0.000000E+00
69.350000    0.000000E+00
69.450000    0.000000E+00
69.550000    0.000000E+00
69.650000    0.000000E+00
69.750000    0.000000E+00
69.850000    0.000000E+00
69.950000    0.000000E+00
70.050000    0.000000E+00
70.150000    0.000000E+00
70.250000    0.000000E+00
70.350000    0.000000E+00
70.450000    0.000000E+00
70.550000    0.000000E+00
70.650000    0.000000E+00
70.750000    0.000000E+00
70.850000    0.000000E+00
70.950000    0.000000E+00
71.050000    0.000000E+00
71.150000    0.000000E+00
71.250000    0.000000E+00
71.350000    0.000000E+00
71.450000    0.000000E+00
71.550000    0.000000E+00
71.650000    0.000000E+00
71.750000    0.000000E+00
71.850000    0.000000E+00
71.950000    0.000000E+00
72.050000    0.000000E+00
72.150000    0.000000E+00
72.250000    0.000000E+00
72.350000    0.000000E+00
72.450000    0.000000E+00
72.550000    0.000000E+00
72.650000    0.000000E+00
72.750000    0.000000E+00
72.850000    0.000000E+00
72.950000    0.000000E+00
73.050000    0.000000E+00
73.150000    0.000000E+00
73.250000    0.000000E+00
73.350000    0.000000E+00
73.450000    0.000000E+00
73.550000    0.000000E+00
73.650000    0.000000E+00
73.750000    0.000000E+00
73.850000    0.000000E+00
73.950000    0.000000E+00
74.050000    0.000000E+00
74.150000    0.000000E+00
74.250000    0.000000E+00
74.350000    0.000000E+00
74.450000    0.000000E+00
74.550000    0.000000E+00
74.650000    0.000000E+00
74.750000    0.000000E+00
74.850000    0.000000E+00
74.950000    0.000000E+00
75.050000    0.000000E+00
75.150000    0.000000E+00
75.250000    0.000000E+00
75.350000    0.000000E+00
75.450000    0.000000E+00
75.550000    0.000000E+00
75.650000    0.000000E+00
75.750000    0.000000E+00
75.850000    0.000000E+00
75.950000    0.000000E+00
76.050000    0.000000E+00
76.150000    0.000000E+00
76.250000    0.000000E+00
76.350000    0.000000E+00
76.450000    0.000000E+00
76.550000    0.000000E+00
76.650000    0.000000E+00
76.750000    0.000000E+00
76.850000    0.000000E+00
76.950000    0.000000E+00
77.050000    0.000000E+00
77.150000    0.000000E+00
77.250000    0.000000E+00
77.350000    0.000000E+00
77.450000    0.000000E+00
77.550000    0.000000E+00
77.650000    0.000000E+00
77.750000    0.000000E+00
77.850000    0.000000E+00
77.950000    0.000000E+00
78.050000    0.000000E+00
78.150000    0.000000E+00
78.250000    0.000000E+00
78.350000    0.000000E+00
78.450000    0.000000E+00
78.550000    0.000000E+00
78.650000    0.000000E+00
78.750000    0.000000E+00
78.850000    0.000000E+00
78.950000    0.000000E+00
79.050000    0.000000E+00
79.150000    0.000000E+00
79.250000    8.606690E-06
79.350000    1.667353E-05
79.450000    2.674019E-05
79.550000    3.550149E-05
79.650000    3.901887E-05
79.750000    3.550222E-05
79.850000    2.674647E-05
79.950000    1.671778E-05
80.050000    8.865423E-06
80.150000    4.934182E-06
80.250000    6.366780E-06
80.350000    1.734131E-05
80.450000    4.724294E-05
80.550000    1.088623E-04
80.650000    2.086359E-04
80.750000    3.320670E-04
80.850000    4.388647E-04
80.950000    4.816140E-04
81.050000    4.388646E-04
81.150000    3.320666E-04
81.250000    2.086328E-04
81.350000    1.088437E-04
81.450000    4.715058E-05
81.550000    1.696030E-05
81.650000    5.065745E-06
81.750000    0.000000E+00
81.850000    0.000000E+00
81.950000    0.000000E+00
82.050000    0.000000E+00
82.150000    0.000000E+00
82.250000    0.000000E+00
82.350000    0.000000E+00
82.450000    0.000000E+00
82.550000    0.000000E+00
82.650000    0.000000E+00
82.750000    0.000000E+00
82.850000    0.000000E+00
82.950000    0.000000E+00
83.050000    0.000000E+00
83.150000    0.000000E+00
83.250000    0.000000E+00
83.350000    0.000000E+00
83.450000    0.000000E+00
83.550000    0.000000E+00
83.650000    0.000000E+00
83.750000    0.000000E+00
83.850000    0.000000E+00
83.950000    0.000000E+00
84.050000    0.000000E+00
84.150000    0.000000E+00
84.250000    0.000000E+00
84.350000    0.000000E+00
84.450000    0.000000E+00
84.550000    0.000000E+00
84.650000    0.000000E+00
84.750000    0.000000E+00
84.850000    0.000000E+00
84.950000    0.000000E+00
85.050000    0.000000E+00
85.150000    0.000000E+00
85.250000    0.000000E+00
85.350000    0.000000E+00
85.450000    0.000000E+00
85.550000    0.000000E+00
85.650000    0.000000E+00
85.750000    0.000000E+00
85.850000    0.000000E+00
85.950000    0.000000E+00
86.050000    0.000000E+00
86.150000    0.000000E+00
86.250000    0.000000E+00
86.350000    0.000000E+00
86.450000    0.000000E+00
86.550000    0.000000E+00
86.650000    0.000000E+00
86.750000    0.000000E+00
86.850000    0.000000E+00
86.950000    0.000000E+00
87.050000    0.000000E+00
87.150000    0.000000E+00
87.250000    0.000000E+00
87.350000    0.000000E+00
87.450000    0.000000E+00
87.550000    0.000000E+00
87.650000    0.000000E+00
87.750000    0.000000E+00
87.850000    0.000000E+00
87.950000    0.000000E+00
88.050000    0.000000E+00
88.150000    0.000000E+00
88.250000    0.000000E+00
88.350000    0.000000E+00
88.450000    0.000000E+00
88.550000    0.000000E+00
88.650000    0.000000E+00
88.750000    0.000000E+00
88.850000    0.000000E+00
88.950000    0.000000E+00
89.050000    0.000000E+00
89.150000    0.000000E+00
89.250000    0.000000E+00
89.350000    0.000000E+00
89.450000    0.000000E+00
89.550000    0.000000E+00
89.650000    0.000000E+00
89.750000    0.000000E+00
89.850000    0.000000E+00
89.950000    0.000000E+00
90.050000    0.000000E+00
90.150000    0.000000E+00
90.250000    0.000000E+00
90.350000    0.000000E+00
90.450000    0.000000E+00
90.550000    0.000000E+00
90.650000    0.000000E+00
90.750000    0.000000E+00
90.850000    0.000000E+00
90.950000    0.000000E+00
91.050000    0.000000E+00
91.150000    0.000000E+00
91.250000    0.000000E+00
91.350000    0.000000E+00
91.450000    0.000000E+00
91.550000    0.000000E+00
91.650000    0.000000E+00
91.750000    0.000000E+00
91.850000    0.000000E+00
91.950000    0.000000E+00
92.050000    0.000000E+00
92.150000    0.000000E+00
92.250000    0.000000E+00
92.350000    0.000000E+00
92.450000    0.000000E+00
92.550000    0.000000E+00
92.650000    0.000000E+00
92.750000    0.000000E+00
92.850000    0.000000E+00
92.950000    0.000000E+00
93.050000    0.000000E+00
93.150000    0.000000E+00
93.250000    0.000000E+00
93.350000    0.000000E+00
93.450000    0.000000E+00
93.550000    0.000000E+00
93.650000    0.000000E+00
93.750000    0.000000E+00
93.850000    0.000000E+00
93.950000    0.000000E+00
94.050000    0.000000E+00
94.150000    0.000000E+00
94.250000    0.000000E+00
94.350000    0.000000E+00
94.450000    0.000000E+00
94.550000    0.000000E+00
94.650000    0.000000E+00
94.750000    0.000000E+00
94.850000    0.000000E+00
94.950000    0.000000E+00
95.050000    0.000000E+00
95.150000    0.000000E+00
95.250000    0.000000E+00
95.350000    0.000000E+00
95.450000    0.000000E+00
95.550000    0.000000E+00
95.650000    0.000000E+00
95.750000    0.000000E+00
95.850000    0.000000E+00
95.950000    0.000000E+00
96.050000    0.000000E+00
96.150000    0.000000E+00
96.250000    0.000000E+00
96.350000    0.000000E+00
96.450000    0.000000E+00
96.550000    0.000000E+00
96.650000    0.000000E+00
96.750000    0.000000E+00
96.850000    0.000000E+00
96.950000    0.000000E+00
97.050000    0.000000E+00
97.150000    0.000000E+00
97.250000    0.000000E+00
97.350000    0.000000E+00
97.450000    0.000000E+00
97.550000    0.000000E+00
97.650000    0.000000E+00
97.750000    0.000000E+00
97.850000    0.000000E+00
97.950000    0.000000E+00
98.050000    0.000000E+00
98.150000    0.000000E+00
98.250000    0.000000E+00
98.350000    0.000000E+00
98.450000    0.000000E+00
98.550000    0.000000E+00
98.650000    0.000000E+00
98.750000    0.000000E+00
98.850000    0.000000E+00
98.950000    0.000000E+00
99.050000    0.000000E+00
99.150000    0.000000E+00
99.250000    0.000000E+00
99.350000    0.000000E+00
99.450000    0.000000E+00
99.550000    0.000000E+00
99.650000    0.000000E+00
99.750000    0.000000E+00
99.850000    0.000000E+00
99.950000    0.000000E+00
100.050000    0.000000E+00
100.150000    0.000000E+00
100.250000    0.000000E+00
100.350000    0.000000E+00
100.450000    0.000000E+00
100.550000    0.000000E+00
100.650000    0.000000E+00
100.750000    0.000000E+00
100.850000    0.000000E+00
100.950000    0.000000E+00
101.050000    0.000000E+00
101.150000    0.000000E+00
101.250000    0.000000E+00
101.350000    0.000000E+00
101.450000    0.000000E+00
101.550000    0.000000E+00
101.650000    0.000000E+00
101.750000    0.000000E+00
101.850000    0.000000E+00
101.950000    0.000000E+00
102.050000    0.000000E+00
102.150000    0.000000E+00
102.250000    0.000000E+00
102.350000    0.000000E+00
102.450000    0.000000E+00
102.550000    0.000000E+00
102.650000    0.000000E+00
102.750000    0.000000E+00
102.850000    0.000000E+00
102.950000    0.000000E+00
103.050000    0.000000E+00
103.150000    0.000000E+00
103.250000    0.000000E+00
103.350000    0.000000E+00
103.450000    0.000000E+00
103.550000    0.000000E+00
103.650000    0.000000E+00
103.750000    0.000000E+00
103.850000    0.000000E+00
103.950000    0.000000E+00
104.050000    0.000000E+00
104.150000    0.000000E+00
104.250000    0.000000E+00
104.350000    0.000000E+00
104.450000    0.000000E+00
104.550000    0.000000E+00
104.650000    0.000000E+00
104.750000    0.000000E+00
104.850000    0.000000E+00
104.950000    0.000000E+00
105.050000    0.000000E+00
105.150000    0.000000E+00
105.250000    0.000000E+00
105.350000    0.000000E+00
105.450000    0.000000E+00
105.550000    0.000000E+00
105.650000    0.000000E+00
105.750000    0.000000E+00
105.850000    0.000000E+00
105.950000    0.000000E+00
106.050000    0.000000E+00
106.150000    0.000000E+00
106.250000    0.000000E+00
106.350000    0.000000E+00
106.450000    0.000000E+00
106.550000    0.000000E+00
106.650000    0.000000E+00
106.750000    0.000000E+00
106.850000    0.000000E+00
106.950000    0.000000E+00
107.050000    0.000000E+00
107.150000    0.000000E+00
107.250000    0.000000E+00
107.350000    0.000000E+00
107.450000    0.000000E+00
107.550000    0.000000E+00
107.650000    0.000000E+00
107.750000    0.000000E+00
107.850000    0.000000E+00
107.950000    0.000000E+00
108.050000    0.000000E+00
108.150000    0.000000E+00
108.250000    0.000000E+00
108.350000    0.000000E+00
108.450000    0.000000E+00
108.550000    0.000000E+00
108.650000    0.000000E+00
108.750000    0.000000E+00
108.850000    0.000000E+00
108.950000    0.000000E+00
109.050000    0.000000E+00
109.150000    0.000000E+00
109.250000    0.000000E+00
109.350000    0.000000E+00
109.450000    0.000000E+00
109.550000    0.000000E+00
109.650000    0.000000E+00
109.750000    0.000000E+00
109.850000    0.000000E+00
109.950000    0.000000E+00
110.050000    0.000000E+00
110.150000    0.000000E+00
110.250000    0.000000E+00
110.350000    0.000000E+00
110.450000    0.000000E+00
110.550000    0.000000E+00
110.650000    0.000000E+00
110.750000    0.000000E+00
110.850000    0.000000E+00
110.950000    0.000000E+00
111.050000    0.000000E+00
111.150000    0.000000E+00
111.250000    0.000000E+00
111.350000    0.000000E+00
111.450000    0.000000E+00
111.550000    0.000000E+00
111.650000    0.000000E+00
111.750000    0.000000E+00
111.850000    0.000000E+00
111.950000    0.000000E+00
112.050000    0.000000E+00
112.150000    0.000000E+00
112.250000    0.000000E+00
112.350000    0.000000E+00
112.450000    0.000000E+00
112.550000    0.000000E+00
112.650000    0.000000E+00
112.750000    0.000000E+00
112.850000    0.000000E+00
112.950000    0.000000E+00
113.050000    0.000000E+00
113.150000    0.000000E+00
113.250000    0.000000E+00
113.350000    0.000000E+00
113.450000    0.000000E+00
113.550000    0.000000E+00
113.650000    0.000000E+00
113.750000    0.000000E+00
113.850000    0.000000E+00
113.950000    0.000000E+00
114.050000    0.000000E+00
114.150000    0.000000E+00
114.250000    0.000000E+00
114.350000    0.000000E+00
114.450000    0.000000E+00
114.550000    0.000000E+00
114.650000    0.000000E+00
114.750000    0.000000E+00
114.850000    0.000000E+00
114.950000    0.000000E+00
115.050000    0.000000E+00
115.150000    0.000000E+00
115.250000    0.000000E+00
115.350000    0.000000E+00
115.450000    0.000000E+00
115.550000    0.000000E+00
115.650000    0.000000E+00
115.750000    0.000000E+00
115.850000    0.000000E+00
115.950000    0.000000E+00
116.050000    0.000000E+00
116.150000    0.000000E+00
116.250000    0.000000E+00
116.350000    0.000000E+00
116.450000    0.000000E+00
116.550000    0.000000E+00
116.650000    0.000000E+00
116.750000    0.000000E+00
116.850000    0.000000E+00
116.950000    0.000000E+00
117.050000    0.000000E+00
117.150000    0.000000E+00
117.250000    0.000000E+00
117.350000    0.000000E+00
117.450000    0.000000E+00
117.550000    0.000000E+00
117.650000    0.000000E+00
117.750000    0.000000E+00
117.850000    0.000000E+00
117.950000    0.000000E+00
118.050000    0.000000E+00
118.150000    0.000000E+00
118.250000    0.000000E+00
118.350000    0.000000E+00
118.450000    0.000000E+00
118.550000    0.000000E+00
118.650000    0.000000E+00
118.750000    0.000000E+00
118.850000    0.000000E+00
118.950000    0.000000E+00
119.050000    0.000000E+00
119.150000    0.000000E+00
119.250000    0.000000E+00
119.350000    0.000000E+00
119.450000    0.000000E+00
119.550000    0.000000E+00
119.650000    0.000000E+00
119.750000    0.000000E+00
119.850000    0.000000E+00
119.950000    0.000000E+00
120.050000    0.000000E+00
120.150000    0.000000E+00
120.250000    0.000000E+00
120.350000    0.000000E+00
120.450000    0.000000E+00
120.550000    0.000000E+00
120.650000    0.000000E+00
120.750000    0.000000E+00
120.850000    0.000000E+00
120.950000    0.000000E+00
121.050000    0.000000E+00
121.150000    0.000000E+00
121.250000    0.000000E+00
121.350000    0.000000E+00
121.450000    0.000000E+00
121.550000    0.000000E+00
121.650000    0.000000E+00
121.750000    0.000000E+00
121.850000    0.000000E+00
121.950000    0.000000E+00
122.050000    0.000000E+00
122.150000    0.000000E+00
122.250000    0.000000E+00
122.350000    0.000000E+00
122.450000    0.000000E+00
122.550000    0.000000E+00
122.650000    0.000000E+00
122.750000    0.000000E+00
122.850000    0.000000E+00
122.950000    0.000000E+00
123.050000    0.000000E+00
123.150000    0.000000E+00
123.250000    0.000000E+00
123.350000    0.000000E+00
123.450000    0.000000E+00
123.550000    0.000000E+00
123.650000    0.000000E+00
123.750000    0.000000E+00
123.850000    0.000000E+00
123.950000    0.000000E+00
124.050000    0.000000E+00
124.150000    0.000000E+00
124.250000    0.000000E+00
124.350000    0.000000E+00
124.450000    0.000000E+00
124.550000    0.000000E+00
124.650000    0.000000E+00
124.750000    0.000000E+00
124.850000    0.000000E+00
124.950000    0.000000E+00
125.050000    0.000000E+00
125.150000    0.000000E+00
125.250000    0.000000E+00
125.350000    0.000000E+00
125.450000    0.000000E+00
125.550000    0.000000E+00
125.650000    0.000000E+00
125.750000    0.000000E+00
125.850000    0.000000E+00
125.950000    0.000000E+00
126.050000    0.000000E+00
126.150000    0.000000E+00
126.250000    0.000000E+00
126.350000    0.000000E+00
126.450000    0.000000E+00
126.550000    0.000000E+00
126.650000    0.000000E+00
126.750000    0.000000E+00
126.850000    0.000000E+00
126.950000    0.000000E+00
127.050000    0.000000E+00
127.150000    0.000000E+00
127.250000    0.000000E+00
127.350000    0.000000E+00
127.450000    0.000000E+00
127.550000    0.000000E+00
127.650000    0.000000E+00
127.750000    0.000000E+00
127.850000    0.000000E+00
127.950000    0.000000E+00
128.050000    0.000000E+00
128.150000    0.000000E+00
128.250000    0.000000E+00
128.350000    0.000000E+00
128.450000    0.000000E+00
128.550000    0.000000E+00
128.650000    0.000000E+00
128.750000    0.000000E+00
128.850000    0.000000E+00
128.950000    0.000000E+00
129.050000    0.000000E+00
129.150000    0.000000E+00
129.250000    0.000000E+00
129.350000    0.000000E+00
129.450000    0.000000E+00
129.550000    0.000000E+00
129.650000    0.000000E+00
129.750000    0.000000E+00
129.850000    0.000000E+00
129.950000    0.000000E+00
130.050000    0.000000E+00
130.150000    0.000000E+00
130.250000    0.000000E+00
130.350000    0.000000E+00
130.450000    0.000000E+00
130.550000    0.000000E+00
130.650000    0.000000E+00
130.750000    0.000000E+00
130.850000    0.000000E+00
130.950000    0.000000E+00
131.050000    0.000000E+00
131.150000    0.000000E+00
131.250000    0.000000E+00
131.350000    0.000000E+00
131.450000    0.000000E+00
131.550000    0.000000E+00
131.650000    0.000000E+00
131.750000    0.000000E+00
131.850000    0.000000E+00
131.950000    0.000000E+00
132.050000    0.000000E+00
132.150000    0.000000E+00
132.250000    0.000000E+00
132.350000    0.000000E+00
132.450000    0.000000E+00
132.550000    0.000000E+00
132.650000    0.000000E+00
132.750000    0.000000E+00
132.850000    0.000000E+00
132.950000    0.000000E+00
133.050000    0.000000E+00
133.150000    0.000000E+00
133.250000    0.000000E+00
133.350000    0.000000E+00
133.450000    0.000000E+00
133.550000    0.000000E+00
133.650000    0.000000E+00
133.750000    0.000000E+00
133.850000    0.000000E+00
133.950000    0.000000E+00
134.050000    0.000000E+00
134.150000    0.000000E+00
134.250000    0.000000E+00
134.350000    0.000000E+00
134.450000    0.000000E+00
134.550000    0.000000E+00
134.650000    0.000000E+00
134.750000    0.000000E+00
134.850000    0.000000E+00
134.950000    0.000000E+00
135.050000    0.000000E+00
135.150000    0.000000E+00
135.250000    0.000000E+00
135.350000    0.000000E+00
135.450000    0.000000E+00
135.550000    0.000000E+00
135.650000    0.000000E+00
135.750000    0.000000E+00
135.850000    0.000000E+00
135.950000    0.000000E+00
136.050000    0.000000E+00
136.150000    0.000000E+00
136.250000    0.000000E+00
136.350000    0.000000E+00
136.450000    0.000000E+00
136.550000    0.000000E+00
136.650000    0.000000E+00
136.750000    0.000000E+00
136.850000    0.000000E+00
136.950000    0.000000E+00
137.050000    0.000000E+00
137.150000    0.000000E+00
137.250000    0.000000E+00
137.350000    0.000000E+00
137.450000    0.000000E+00
137.550000    0.000000E+00
137.650000    0.000000E+00
137.750000    0.000000E+00
137.850000    0.000000E+00
137.950000    0.000000E+00
138.050000    0.000000E+00
138.150000    0.000000E+00
138.250000    0.000000E+00
138.350000    0.000000E+00
138.450000    0.000000E+00
138.550000    0.000000E+00
138.650000    0.000000E+00
138.750000    0.000000E+00
138.850000    0.000000E+00
138.950000    0.000000E+00
139.050000    0.000000E+00
139.150000    0.000000E+00
139.250000    0.000000E+00
139.350000    0.000000E+00
139.450000    0.000000E+00
139.550000    0.000000E+00
139.650000    0.000000E+00
139.750000    0.000000E+00
139.850000    0.000000E+00
139.950000    0.000000E+00
140.050000    0.000000E+00
140.150000    0.000000E+00
140.250000    0.000000E+00
140.350000    0.000000E+00
140.450000    0.000000E+00
140.550000    0.000000E+00
140.650000    0.000000E+00
140.750000    0.000000E+00
140.850000    0.000000E+00
140.950000    0.000000E+00
141.050000    0.000000E+00
141.150000    0.000000E+00
141.250000    0.000000E+00
141.350000    0.000000E+00
141.450000    0.000000E+00
141.550000    0.000000E+00
141.650000    0.000000E+00
141.750000    0.000000E+00
141.850000    0.000000E+00
141.950000    0.000000E+00
142.050000    0.000000E+00
142.150000    0.000000E+00
142.250000    0.000000E+00
142.350000    0.000000E+00
142.450000    0.000000E+00
142.550000    0.000000E+00
142.650000    0.000000E+00
142.750000    0.000000E+00
142.850000    0.000000E+00
142.950000    0.000000E+00
143.050000    0.000000E+00
143.150000    0.000000E+00
143.250000    0.000000E+00
143.350000    0.000000E+00
143.450000    0.000000E+00
143.550000    0.000000E+00
143.650000    0.000000E+00
143.750000    0.000000E+00
143.850000    0.000000E+00
143.950000    0.000000E+00
144.050000    0.000000E+00
144.150000    0.000000E+00
144.250000    0.000000E+00
144.350000    0.000000E+00
144.450000    0.000000E+00
144.550000    0.000000E+00
144.650000    0.000000E+00
144.750000    0.000000E+00
144.850000    0.000000E+00
144.950000    0.000000E+00
145.050000    0.000000E+00
145.150000    0.000000E+00
145.250000    0.000000E+00
145.350000    0.000000E+00
145.450000    0.000000E+00
145.550000    0.000000E+00
145.650000    0.000000E+00
145.750000    0.000000E+00
145.850000    0.000000E+00
145.950000    0.000000E+00
146.050000    0.000000E+00
146.150000    0.000000E+00
146.250000    0.000000E+00
146.350000    0.000000E+00
146.450000    0.000000E+00
146.550000    0.000000E+00
146.650000    0.000000E+00
146.750000    0.000000E+00
146.850000    0.000000E+00
146.950000    0.000000E+00
147.050000    0.000000E+00
147.150000    0.000000E+00
147.250000    0.000000E+00
147.350000    0.000000E+00
147.450000    0.000000E+00
147.550000    0.000000E+00
147.650000    0.000000E+00
147.750000    0.000000E+00
147.850000    0.000000E+00
147.950000    0.000000E+00
148.050000    0.000000E+00
148.150000    0.000000E+00
148.250000    0.000000E+00
148.350000    0.000000E+00
148.450000    0.000000E+00
148.550000    0.000000E+00
148.650000    0.000000E+00
148.750000    0.000000E+00
148.850000    0.000000E+00
148.950000    0.000000E+00
149.050000    0.000000E+00
149.150000    0.000000E+00
149.250000    0.000000E+00
149.350000    0.000000E+00
149.450000    0.000000E+00
149.550000    0.000000E+00
149.650000    0.000000E+00
149.750000    0.000000E+00
149.850000    0.000000E+00
149.950000    0.000000E+00
150.050000    0.000000E+00
150.150000    0.000000E+00
150.250000    0.000000E+00
150.350000    0.000000E+00
150.450000    0.000000E+00
150.550000    0.000000E+00
150.650000    0.000000E+00
150.750000    0.000000E+00
150.850000    0.000000E+00
150.950000    0.000000E+00
151.050000    0.000000E+00
151.150000    0.000000E+00
151.250000    0.000000E+00
151.350000    0.000000E+00
151.450000    0.000000E+00
151.550000    0.000000E+00
151.650000    0.000000E+00
151.750000    0.000000E+00
151.850000    0.000000E+00
151.950000    0.000000E+00
152.050000    0.000000E+00
152.150000    0.000000E+00
152.250000    0.000000E+00
152.350000    0.000000E+00
152.450000    0.000000E+00
152.550000    0.000000E+00
152.650000    0.000000E+00
152.750000    0.000000E+00
152.850000    0.000000E+00
152.950000    0.000000E+00
153.050000    0.000000E+00
153.150000    0.000000E+00
153.250000    0.000000E+00
153.350000    0.000000E+00
153.450000    0.000000E+00
153.550000    0.000000E+00
153.650000    0.000000E+00
153.750000    0.000000E+00
153.850000    0.000000E+00
153.950000    0.000000E+00
154.050000    0.000000E+00
154.150000    0.000000E+00
154.250000    0.000000E+00
154.350000    0.000000E+00
154.450000    0.000000E+00
154.550000    0.000000E+00
154.650000    0.000000E+00
154.750000    0.000000E+00
154.850000    0.000000E+00
154.950000    0.000000E+00
155.050000    0.000000E+00
155.150000    0.000000E+00
155.250000    0.000000E+00
155.350000    0.000000E+00
155.450000    0.000000E+00
155.550000    0.000000E+00
155.650000    0.000000E+00
155.750000    0.000000E+00
155.850000    0.000000E+00
155.950000    0.000000E+00
156.050000    0.000000E+00
156.150000    0.000000E+00
156.250000    0.000000E+00
156.350000    0.000000E+00
156.450000    0.000000E+00
156.550000    0.000000E+00
156.650000    0.000000E+00
156.750000    0.000000E+00
156.850000    0.000000E+00
156.950000    0.000000E+00
157.050000    0.000000E+00
157.150000    0.000000E+00
157.250000    0.000000E+00
157.350000    0.000000E+00
157.450000    0.000000E+00
157.550000    0.000000E+00
157.650000    0.000000E+00
157.750000    0.000000E+00
157.850000    0.000000E+00
157.950000    0.000000E+00
158.050000    0.000000E+00
158.150000    0.000000E+00
158.250000    0.000000E+00
158.350000    0.000000E+00
158.450000    0.000000E+00
158.550000    0.000000E+00
158.650000    0.000000E+00
158.750000    0.000000E+00
158.850000    0.000000E+00
158.950000    0.000000E+00
159.050000    0.000000E+00
159.150000    0.000000E+00
159.250000    0.000000E+00
159.350000    0.000000E+00
159.450000    0.000000E+00
159.550000    0.000000E+00
159.650000    0.000000E+00
159.750000    0.000000E+00
159.850000    0.000000E+00
159.950000    0.000000E+00
160.050000    0.000000E+00
160.150000    0.000000E+00
160.250000    0.000000E+00
160.350000    0.000000E+00
160.450000    0.000000E+00
160.550000    0.000000E+00
160.650000    0.000000E+00
160.750000    0.000000E+00
160.850000    0.000000E+00
160.950000    0.000000E+00
161.050000    0.000000E+00
161.150000    0.000000E+00
161.250000    0.000000E+00
161.350000    0.000000E+00
161.450000    0.000000E+00
161.550000    0.000000E+00
161.650000    0.000000E+00
161.750000    0.000000E+00
161.850000    0.000000E+00
161.950000    0.000000E+00
162.050000    0.000000E+00
162.150000    0.000000E+00
162.250000    0.000000E+00
162.350000    0.000000E+00
162.450000    0.000000E+00
162.550000    0.000000E+00
162.650000    0.000000E+00
162.750000    0.000000E+00
162.850000    0.000000E+00
162.950000    0.000000E+00
163.050000    0.000000E+00
163.150000    0.000000E+00
163.250000    0.000000E+00
163.350000    0.000000E+00
163.450000    0.000000E+00
163.550000    0.000000E+00
163.650000    0.000000E+00
163.750000    0.000000E+00
163.850000    0.000000E+00
163.950000    0.000000E+00
164.050000    0.000000E+00
164.150000    0.000000E+00
164.250000    0.000000E+00
164.350000    0.000000E+00
164.450000    0.000000E+00
164.550000    0.000000E+00
164.650000    0.000000E+00
164.750000    0.000000E+00
164.850000    0.000000E+00
164.950000    0.000000E+00
165.050000    0.000000E+00
165.150000    0.000000E+00
165.250000    0.000000E+00
165.350000    0.000000E+00
165.450000    0.000000E+00
165.550000    0.000000E+00
165.650000    0.000000E+00
165.750000    0.000000E+00
165.850000    0.000000E+00
165.950000    0.000000E+00
166.050000    0.000000E+00
166.150000    0.000000E+00
166.250000    0.000000E+00
166.350000    0.000000E+00
166.450000    0.000000E+00
166.550000    0.000000E+00
166.650000    0.000000E+00
166.750000    0.000000E+00
166.850000    0.000000E+00
166.950000    0.000000E+00
167.050000    0.000000E+00
167.150000    0.000000E+00
167.250000    0.000000E+00
167.350000    0.000000E+00
167.450000    0.000000E+00
167.550000    0.000000E+00
167.650000    0.000000E+00
167.750000    0.000000E+00
167.850000    0.000000E+00
167.950000    0.000000E+00
168.050000    0.000000E+00
168.150000    0.000000E+00
168.250000    0.000000E+00
168.350000    0.000000E+00
168.450000    0.000000E+00
168.550000    0.000000E+00
168.650000    0.000000E+00
168.750000    0.000000E+00
168.850000    0.000000E+00
168.950000    0.000000E+00
169.050000    0.000000E+00
169.150000    0.000000E+00
169.250000    0.000000E+00
169.350000    0.000000E+00
169.450000    0.000000E+00
169.550000    0.000000E+00
169.650000    0.000000E+00
169.750000    0.000000E+00
169.850000    0.000000E+00
169.950000    0.000000E+00
170.050000    0.000000E+00
170.150000    0.000000E+00
170.250000    0.000000E+00
170.350000    0.000000E+00
170.450000    0.000000E+00
170.550000    0.000000E+00
170.650000    0.000000E+00
170.750000    0.000000E+00
170.850000    0.000000E+00
170.950000    0.000000E+00
171.050000    0.000000E+00
171.150000    0.000000E+00
171.250000    0.000000E+00
171.350000    0.000000E+00
171.450000    0.000000E+00
171.550000    0.000000E+00
171.650000    0.000000E+00
171.750000    0.000000E+00
171.850000    0.000000E+00
171.950000    0.000000E+00
172.050000    0.000000E+00
172.150000    0.000000E+00
172.250000    0.000000E+00
172.350000    0.000000E+00
172.450000    0.000000E+00
172.550000    0.000000E+00
172.650000    0.000000E+00
172.750000    0.000000E+00
172.850000    0.000000E+00
172.950000    0.000000E+00
173.050000    0.000000E+00
173.150000    0.000000E+00
173.250000    0.000000E+00
173.350000    0.000000E+00
173.450000    0.000000E+00
173.550000    0.000000E+00
173.650000    0.000000E+00
173.750000    0.000000E+00
173.850000    0.000000E+00
173.950000    0.000000E+00
174.050000    0.000000E+00
174.150000    0.000000E+00
174.250000    0.000000E+00
174.350000    0.000000E+00
174.450000    0.000000E+00
174.550000    0.000000E+00
174.650000    0.000000E+00
174.750000    0.000000E+00
174.850000    0.000000E+00
174.950000    0.000000E+00
175.050000    0.000000E+00
175.150000    0.000000E+00
175.250000    0.000000E+00
175.350000    0.000000E+00
175.450000    0.000000E+00
175.550000    0.000000E+00
175.650000    0.000000E+00
175.750000    0.000000E+00
175.850000    0.000000E+00
175.950000    0.000000E+00
176.050000    0.000000E+00
176.150000    0.000000E+00
176.250000    0.000000E+00
176.350000    0.000000E+00
176.450000    0.000000E+00
176.550000    0.000000E+00
176.650000    0.000000E+00
176.750000    0.000000E+00
176.850000    0.000000E+00
176.950000    0.000000E+00
177.050000    0.000000E+00
177.150000    0.000000E+00
177.250000    0.000000E+00
177.350000    0.000000E+00
177.450000    0.000000E+00
177.550000    0.000000E+00
177.650000    0.000000E+00
177.750000    0.000000E+00
177.850000    0.000000E+00
177.950000    0.000000E+00
178.050000    0.000000E+00
178.150000    0.000000E+00
178.250000    0.000000E+00
178.350000    0.000000E+00
178.450000    0.000000E+00
178.550000    0.000000E+00
178.650000    0.000000E+00
178.750000    0.000000E+00
178.850000    0.000000E+00
178.950000    0.000000E+00
179.050000    0.000000E+00
179.150000    0.000000E+00
179.250000    0.000000E+00
179.350000    0.000000E+00
179.450000    0.000000E+00
179.550000    0.000000E+00
179.650000    0.000000E+00
179.750000    0.000000E+00
179.850000    0.000000E+00
179.950000    0.000000E+00
180.050000    0.000000E+00
180.150000    0.000000E+00
180.250000    0.000000E+00
180.350000    0.000000E+00
180.450000    0.000000E+00
180.550000    0.000000E+00
180.650000    0.000000E+00
180.750000    0.000000E+00
180.850000    0.000000E+00
180.950000    0.000000E+00
181.050000    0.000000E+00
181.150000    0.000000E+00
181.250000    0.000000E+00
181.350000    0.000000E+00
181.450000    0.000000E+00
181.550000    0.000000E+00
181.650000    0.000000E+00
181.750000    0.000000E+00
181.850000    0.000000E+00
181.950000    0.000000E+00
182.050000    0.000000E+00
182.150000    0.000000E+00
182.250000    0.000000E+00
182.350000    0.000000E+00
182.450000    0.000000E+00
182.550000    0.000000E+00
182.650000    0.000000E+00
182.750000    0.000000E+00
182.850000    0.000000E+00
182.950000    0.000000E+00
183.050000    0.000000E+00
183.150000    0.000000E+00
183.250000    0.000000E+00
183.350000    0.000000E+00
183.450000    0.000000E+00
183.550000    0.000000E+00
183.650000    0.000000E+00
183.750000    0.000000E+00
183.850000    0.000000E+00
183.950000    0.000000E+00
184.050000    0.000000E+00
184.150000    0.000000E+00
184.250000    0.000000E+00
184.350000    0.000000E+00
184.450000    0.000000E+00
184.550000    0.000000E+00
184.650000    0.000000E+00
184.750000    0.000000E+00
184.850000    0.000000E+00
184.950000    0.000000E+00
185.050000    0.000000E+00
185.150000    0.000000E+00
185.250000    0.000000E+00
185.350000    0.000000E+00
185.450000    0.000000E+00
185.550000    0.000000E+00
185.650000    0.000000E+00
185.750000    0.000000E+00
185.850000    0.000000E+00
185.950000    0.000000E+00
186.050000    0.000000E+00
186.150000    0.000000E+00
186.250000    0.000000E+00
186.350000    0.000000E+00
186.450000    0.000000E+00
186.550000    0.000000E+00
186.650000    0.000000E+00
186.750000    0.000000E+00
186.850000    0.000000E+00
186.950000    0.000000E+00
187.050000    0.000000E+00
187.150000    0.000000E+00
187.250000    0.000000E+00
187.350000    0.000000E+00
187.450000    0.000000E+00
187.550000    0.000000E+00
187.650000    0.000000E+00
187.750000    0.000000E+00
187.850000    0.000000E+00
187.950000    0.000000E+00
188.050000    0.000000E+00
188.150000    0.000000E+00
188.250000    0.000000E+00
188.350000    0.000000E+00
188.450000    0.000000E+00
188.550000    0.000000E+00
188.650000    0.000000E+00
188.750000    0.000000E+00
188.850000    0.000000E+00
188.950000    0.000000E+00
189.050000    0.000000E+00
189.150000    0.000000E+00
189.250000    0.000000E+00
189.350000    0.000000E+00
189.450000    0.000000E+00
189.550000    0.000000E+00
189.650000    0.000000E+00
189.750000    0.000000E+00
189.850000    0.000000E+00
189.950000    0.000000E+00
190.050000    0.000000E+00
190.150000    0.000000E+00
190.250000    0.000000E+00
190.350000    0.000000E+00
190.450000    0.000000E+00
190.550000    0.000000E+00
190.650000    0.000000E+00
190.750000    0.000000E+00
190.850000    0.000000E+00
190.950000    0.000000E+00
191.050000    0.000000E+00
191.150000    0.000000E+00
191.250000    0.000000E+00
191.350000    0.000000E+00
191.450000    0.000000E+00
191.550000    0.000000E+00
191.650000    0.000000E+00
191.750000    0.000000E+00
191.850000    0.000000E+00
191.950000    0.000000E+00
192.050000    0.000000E+00
192.150000    0.000000E+00
192.250000    0.000000E+00
192.350000    0.000000E+00
192.450000    0.000000E+00
192.550000    0.000000E+00
192.650000    0.000000E+00
192.750000    0.000000E+00
192.850000    0.000000E+00
192.950000    0.000000E+00
193.050000    0.000000E+00
193.150000    0.000000E+00
193.250000    0.000000E+00
193.350000    0.000000E+00
193.450000    0.000000E+00
193.550000    0.000000E+00
193.650000    0.000000E+00
193.750000    0.000000E+00
193.850000    0.000000E+00
193.950000    0.000000E+00
194.050000    0.000000E+00
194.150000    0.000000E+00
194.250000    0.000000E+00
194.350000    0.000000E+00
194.450000    0.000000E+00
194.550000    0.000000E+00
194.650000    0.000000E+00
194.750000    0.000000E+00
194.850000    0.000000E+00
194.950000    0.000000E+00
195.050000    0.000000E+00
195.150000    0.000000E+00
195.250000    0.000000E+00
195.350000    0.000000E+00
195.450000    0.000000E+00
195.550000    0.000000E+00
195.650000    0.000000E+00
195.750000    0.000000E+00
195.850000    0.000000E+00
195.950000    0.000000E+00
196.050000    0.000000E+00
196.150000    0.000000E+00
196.250000    0.000000E+00
196.350000    0.000000E+00
196.450000    0.000000E+00
196.550000    0.000000E+00
196.650000    0.000000E+00
196.750000    0.000000E+00
196.850000    0.000000E+00
196.950000    0.000000E+00
197.050000    0.000000E+00
197.150000    0.000000E+00
197.250000    0.000000E+00
197.350000    0.000000E+00
197.450000    0.000000E+00
197.550000    0.000000E+00
197.650000    0.000000E+00
197.750000    0.000000E+00
197.850000    0.000000E+00
197.950000    0.000000E+00
198.050000    0.000000E+00
198.150000    0.000000E+00
198.250000    0.000000E+00
198.350000    0.000000E+00
198.450000    0.000000E+00
198.550000    0.000000E+00
198.650000    0.000000E+00
198.750000    0.000000E+00
198.850000    0.000000E+00
198.950000    0.000000E+00
199.050000    0.000000E+00
199.150000    0.000000E+00
199.250000    0.000000E+00
199.350000    0.000000E+00
199.450000    0.000000E+00
199.550000    0.000000E+00
199.650000    0.000000E+00
199.750000    0.000000E+00
199.850000    0.000000E+00
199.950000    0.000000E+00
